229,687 107,568 86,393 91,216 270,97 463,88 642,89 747,235 608,342 451,257 280,308 313,503 491,460 535,614 809,530 924,382 927,169 1187,105 1250,355 1032,41 1246,568 1095,707 853,717 665,710 415,709 
107,568 86,393 
86,393 91,216 
91,216 270,97 
270,97 463,88 
463,88 642,89 
642,89 747,235 
747,235 608,342 
608,342 451,257 
451,257 280,308 
280,308 313,503 
313,503 491,460 
491,460 535,614 
535,614 809,530 
809,530 924,382 
924,382 927,169 
927,169 1032,41 
1032,41 1187,105 
1187,105 1250,355 
1250,355 1246,568 
1246,568 1095,707 
1095,707 853,717 
853,717 665,710 
665,710 415,709 
415,709 229,687 
229,687 107,568 
