-13.744102781959135
-15.71376270433267
-16.45623641785648
-16.969871060219077
-16.60223239713245
-16.63467792921596
-16.868294943405523
-16.415711320903565
-16.570906645589403
-16.274412746164533
-16.13169261770116
-16.603022778067324
-16.786891642345324
-16.19130945417616
-16.234538669255045
-15.877230445510811
-16.14279487974114
-16.53190878076686
-17.36295246794323
-16.525774814883867
-15.764749247219829
-16.164513653715453
-16.302451883130605
-20.41249272570513
-16.545626088705326
-16.871876324216522
-16.568752485990522
-16.90137792330649
-16.505320971879694
-16.545143182463114
-16.942387412885825
-16.702394183788037
-16.167326991842852
-16.333610954662163
-16.056840976132285
-16.418181645373505
-16.855715390510028
-16.47469380348921
-16.527353383335804
-16.757291191518306
-16.613110520541667
-16.67212949236234
-15.942312861217392
-17.01422076450454
-16.747803024152915
-16.59514029165109
-9.92165965716044
-2.915014424489609
-15.534194960296155
-15.793094714813762
-15.5813692454497
-15.838898389471902
-16.380724453826744
-16.178506886694166
-16.12872212174866
-16.24140309545729
-16.177181527151
-16.037402888205317
-15.714685017367204
-15.549257864389155
-14.982958666086198
-14.118979211946325
-14.732369126942423
-14.789542342921099
-15.746720760100416
-15.763231596450009
-16.332901546491517
-16.653671478860907
-16.58155967950821
-16.727867571843994
-16.847452379332648
-16.871297329299978
-16.602050234907203
-16.796286714706156
-17.0180938154459
-16.690409577025306
-16.487177801993155
-16.71921390748686
-16.58204228967428
-17.051771836744415
-17.260220179756484
-17.012635480297938
-17.224172237118083
-17.143886126147375
-17.182135217371915
-17.079383785294162
-17.095296413352095
-17.13715972279509
-16.987191296633746
-17.05576796963811
-16.77370972977744
-16.868044252908895
-16.36309483655625
-16.839792460368738
-16.75675423004561
-16.404916269795763
-16.599225474496684
-16.483995741142166
-16.31433748510149
-16.390693413068853
-16.20000070070227
-16.629386113153565
-16.779602682689827
-16.592646602408752
-16.5789058838288
-16.85484390038583
-16.806301843590205
-16.7591917405857
-17.084807781394986
-16.460442822410002
-16.448353772362072
-16.78766235348251
-17.08233616873622
-16.32862828079197
-15.555047986441188
-15.67200152301126
-16.29105302863651
-16.414951947033405
-16.31135583481855
-16.18475515562627
-16.310293006814188
-15.905892136742672
-15.939597739660078
-16.057431844638455
-16.216001804504128
4.096297448392534
-0.5579809189538203
17.839416464681488
-17.365236067348825
15.57875273316639
-16.52227751737667
-20.89994758049647
-21.95821732346217
-21.21563835534453
-21.072349977884024
-8.5943055179053
-20.093297618203692
-20.19047459097456
-8.928827199110561
11.176826131631948
6.386148788627709
-11.598595214615266
-8.22785850105683
-5.881194170269694
4.57530646022409
5.392210474822066
-4.400751226991407
6.165783579127651
12.382839733242193
1.3422395416823991
15.880532604723431
26.736043784654225
2.6998239289667443
-7.351180721758762
-15.17572045548911
11.61471048169875
8.697274731397583
-6.266680264592164
8.235568049724748
-9.46735006653932
-10.14997834368878
-3.8508990042302784
-11.219359549133308
9.847259646294873
1.504530736282906
-12.029108601182696
-2.352441692070837
-12.135739011961967
-10.345197419038694
46.65304813451228
11.136576507119686
10.80230059674303
5.6458380867209605
1.0869076928860673
12.529543823734352
2.3454276516636483
10.326336707714333
2.4325032532736794
-9.424898191834481
4.475131565579947
4.0873333257966635
5.895113892666202
26.10690745013449
-11.60818619241152
-11.59176637990813
10.044008937814176
5.838945704134776
19.89039118609638
-7.762280751326845
13.036094293059907
-12.691791883556368
-6.555472392990358
9.925639963968184
-6.8820499726219335
23.975075896574538
7.106312612538969
21.28085213121568
-2.641827224714884
0.9867544646072748
19.640479976910555
7.482430223417917
8.634266049221159
-12.886474876826009
1.831582748033945
2.654946276067033
1.4322823685357946
-4.0450958289433565
3.4094145624538363
3.3057230526407686
24.79230573331402
2.6500730809402775
6.977099729865795
2.402668629470803
27.564384870035866
-16.476799322394854
-3.3702306960556285
21.482031774951306
25.012864544625515
8.822339221723455
-12.553812114073175
14.681077077517141
0.3711591469645768
1.4811523998040215
-12.370867146256895
0.3340943575439105
0.3823276173004591
-18.87510663433953
9.883950094934164
-0.5024104326499526
10.075268446717883
0.850082830729378
0.4161095957528468
5.078208145188802
18.929054123974502
15.58038007293808
-4.26383686163938
-11.189128099854617
-6.0519463157951865
2.0383204176650658
1.9901647348851101
0.8579672093188435
0.8863534506915289
2.8405521336574826
21.110843129400553
-4.187456867149288
17.81243322859122
10.326533356589376
-8.764515313454755
-8.861820669766939
-7.0994747561961455
20.509513488238003
4.418017175139136
0.5084273031618842
11.709341066393598
-6.300276883221333
-11.061918846689995
2.159054258640207
13.802101791332934
-7.874875302880183
6.626598444639773
-12.249093422910383
4.462363355656081
4.172792600175569
-7.364976418277846
9.718600029500807
17.062760296056673
0.5667567909823568
1.5981523804627482
-3.02885845125717
6.283529635277954
1.9849911884264095
5.23786956774587
-5.458225407292433
6.767637398821614
-4.184639046629275
2.7361523063175044
4.728951633641328
-11.261666057540307
6.3413551401365496
-1.5219795280049127
-10.531947469122706
-8.84602084960703
-8.669568742083188
-9.376453067469917
-9.485918959130844
-11.516933170333505
-13.790822842341333
-11.794620185434821
-9.10948385627733
-5.647631330940458
-6.2556271946496445
-11.591112805055248
-10.423838562594517
-10.28934511011839
-8.33867388872968
-11.363852447082987
-17.301563126955912
-5.584682685550719
-6.381025783699804
-12.90659613896327
-13.067878152519468
-9.576312181116805
1.4625457451144825
-0.699597681598533
-22.444640998078718
-6.533501852694487
3.8165484327558055
-8.306604895422854
-10.716411152333025
-13.113452218828183
10.36778945766846
-0.5528863850459551
12.82344005435548
-4.786208689502541
28.46495391629042
3.226140102875721
20.674429990021356
-20.852630117709438
-22.407973849594583
-10.43110140328606
-7.81584555434684
-8.936792893482583
-11.068955674124258
-17.58656689662569
-8.185038619796435
-9.699375329498206
-17.57805029306478
-11.972906079354384
-6.86970213516884
-17.48368709112207
5.273143900105538
8.239534250707223
-1.2779026481918816
-12.797549550986954
-11.560188929842575
-10.687949782593797
-13.40626577801671
3.770695263089448
3.918680587495755
-11.342461288984438
-11.31094197862055
19.852942997627057
1.0972174240590782
38.46662312465218
12.405513453905357
4.812662317961472
-17.48763280916545
-4.680084467063335
9.51563053608528
0.6374764015111651
6.530511446998399
-6.68351534704802
-3.330718916389678
-0.17558378969128105
2.836056216939024
-10.194373555223558
-13.771276554362645
-8.247833692466223
34.884545003915484
-21.119352083779873
-22.33594387351804
17.093457811854755
-21.284913254390155
4.308573792901303
-14.640814528230173
23.07140313700195
-21.089132892760965
-21.03889834819899
-21.839826770646706
-21.048141204665104
-19.84788683590624
-21.3187022583286
-22.845179349525104
-20.032940094934567
-22.87041391548349
-6.365703893555542
-11.747177837438057
16.023505034690906
63.861747845501746
14.312865716206572
-18.159997513785108
-11.901282280147083
-9.002944207174087
12.940618565383286
-21.66113849203123
-1.479540948430279
-6.601676053719398
-16.50091203061822
13.757708830300846
33.59353526643788
20.572221347532405
13.611504116754165
8.30367721567121
3.104373445170599
20.8265652400156
12.153385945859075
-2.330520246172508
21.257955006764153
-5.224533860180111
-3.9000364896092137
0.5460632328465888
17.71933900365312
34.62112681305904
5.276939748922981
-3.0219424203303085
24.529742190035503
-2.819536931652987
-6.061231635242697
-6.170572247905866
13.306152838389037
-4.599864668611023
17.928322471953095
-13.385311119395023
8.509354313400053
-10.109914558129176
3.0067525452901016
14.510589652029601
-11.287929268141589
-3.99986944594648
-7.140092463685409
10.413822010450897
2.4948279619117457
59.772261280532604
-9.067601164013144
28.329774870846016
31.037460766577915
3.9661161555431477
7.70989351699969
-6.583256828655797
5.3836560257797075
-10.782124656288161
-4.176122960123749
13.432545875612256
-6.7512240092919935
0.44173954302733875
38.49678525136163
-7.697412779819221
30.853370827591213
-22.04447594621116
18.166675373959006
-8.764858152917688
-11.248493207004335
46.760615861634406
-10.176324466126662
-1.8785901189322303
-7.760786052207768
9.439679273532548
-3.5385984594043727
-10.597206645275985
7.508704434115016
38.97308004203527
0.7243149906396795
41.796295409259365
17.146542452966216
6.056073175879373
31.659351468707563
26.394802813888035
30.172105944680656
21.26411087481319
4.452792681472161
4.031341136058575
-22.330543699409823
6.090640020094361
82.80948304330056
-2.7322593033413085
38.148164839020176
-6.205027501536746
5.0109959253354255
-10.883352070429254
0.6403403162236782
27.962852687457506
65.24873577819284
-11.36319710940785
-4.910445956952042
24.062404734662383
-0.9083629513084368
41.70508022510965
42.20688496600727
-13.42757219370951
-10.632434961232871
-11.706666912436484
-11.773771090466116
21.404715972835838
14.149015598115826
25.6100854205382
-2.3075463345431615
3.30717145159014
9.534419926274563
46.05851226740069
3.6817685670678983
16.764703728799702
-5.916816345644902
-10.335472254648808
-5.842735900674841
75.52247598993488
53.458246799007895
19.34777201333151
32.532306889801895
23.341226576036952
26.20113563370007
-3.638588146343824
10.608790177446298
10.172268401408294
58.939826204205104
1.6326147885570954
8.691329379358432
26.172881423225427
-22.620611425859444
60.8095364348248
64.63365254163627
25.346939497059402
14.575118427960614
15.444967711446631
7.71162580335929
60.61065135299582
35.99798198707899
8.761969017395977
33.64073859112874
51.459010770968426
7.988376938095925
8.534198706701797
39.612003149685805
104.53288475468075
30.94598046723586
30.304178621614962
15.570445581040476
18.720012347510256
-2.1482614233469057
25.74147026445437
16.460601851418254
22.544671793248966
21.362010786198063
66.17996247189465
89.9922726242978
20.677156346088147
44.04219416595922
-22.567760883674854
89.74532463508972
-2.4139220741242178
29.32537488098032
23.820514014019558
11.30312144059649
21.862676241794397
26.00230934167155
107.61405040018174
3.9391851852006567
89.55139640687749
12.18344000498539
37.694226774663576
25.482646703881603
6.24372585969129
-22.532872667801048
-0.6434959359835197
18.268730003813882
56.918116787555306
20.235470312820176
30.0978671357769
-6.218959465684348
28.352780700763457
16.05128980232709
36.948715603746855
40.37733347760884
6.414096129360692
98.32870702524494
125.54045066293527
61.705567421917685
113.23012414140472
183.64210393433888
41.279382703901994
232.78846495168673
85.15173042112868
36.017577023268565
70.11252488092168
-0.9838424670535373
60.12837844171219
84.03068356489501
16.273604035490052
12.738186714060367
35.44036720191359
23.499316735195467
4.844836868032626
27.42714494882694
25.84915293591444
29.428888695697182
-2.321790908727383
11.373228788881288
114.64610384020806
39.621406501340566
27.9301660083502
7.567201666061667
73.18816076507503
31.606281226597734
-4.2771289251844
15.497378367953837
18.39959015702044
28.532457316352303
30.2258128539079
81.74735817099302
19.92713854592091
24.630431382068295
5.963722303777924
29.336679235585052
46.8659342402924
18.12386731526494
33.77036095492048
14.191641081770257
24.437552128973923
12.94937781103286
41.87692380408041
27.14870254479844
2.599176300701167
3.661963954438768
35.203960283089046
39.19608680339321
26.24910953968434
32.03352013176602
21.330089922156596
19.543173500048784
22.477888005700216
16.664809588459207
40.41373960932459
28.531430260042384
10.904451948102146
2.434028943183116
25.56080092869317
-5.648722487997684
114.00288784312255
19.827747684365043
72.23437839498331
24.951226462548956
25.452553357795672
88.0790594592633
-0.3928636671234571
32.481381165163384
8.241707461750352
-0.13064828393194006
9.892643525895139
-2.012912100876367
20.781508394418488
0.3819998063424386
7.417963505537983
97.82595366981292
34.26046535806436
113.16578538686788
-6.866478638162214
34.169879877225355
20.77916285821854
19.512958202250246
12.249672540754148
37.655235728389684
41.89795584911938
-1.7726938445746676
31.376462053750934
22.698493543060376
44.32441686487114
29.972851637732234
10.128659432237606
26.809266759900606
128.61989502799184
24.998680869153713
44.44405661069608
15.66956449582259
24.020906502857812
55.306110832034165
13.315920704948475
61.1737095908845
25.22706837773324
2.9550134610459047
35.01049360532233
5.474572344266715
39.233405568416835
26.13744279732969
8.94317213444246
30.051694460708255
20.035357903109595
9.631514671886979
71.98046504071957
30.894857243936027
118.95465206528709
44.53656643185601
16.28652264920375
33.83994060845189
6.987082272999835
17.10777026812403
84.03769646160158
-1.7973189937074956
2.9703916787504956
45.31225186318652
68.12633307521922
19.838947178101815
2.3723447201467103
102.97636035379196
77.6552671938125
32.59373381621308
32.84362723888077
30.41912342696439
20.514470417631163
30.071464772155213
1.351666867236412
15.072433449952449
-2.7689683670892027
101.45835949220206
1.819376479476474
1.0652342130455947
30.041574975620232
4.965827866701606
58.412426793528105
71.4272087537296
40.09652630205616
-1.466223102890794
22.427791271173295
29.626308389202766
27.44311865675286
49.30611505362958
142.95342140855843
21.908679920400658
23.07207321818798
6.1385124465293925
49.349054963326296
2.1711188487302984
23.356912746432723
31.313913401081937
105.41092879380766
-3.519766590250864
16.557947716441117
5.864269437531625
68.30875471233756
31.580055174282826
25.52727616132961
74.51969312006915
44.44964871881943
218.0522642451384
46.85124427814447
67.72888011158761
-0.8916944250659
28.685596788563085
-10.939830798230242
139.57800420860985
31.12826438580884
50.04881373501692
116.2639433351876
51.321714899453305
45.54622467375461
54.38057018042715
44.24688371214022
39.574788200022454
99.54371034687543
30.71482208600504
45.806904571778276
37.145272060351246
8.400150570655033
8.052607308631575
34.27371378573738
16.390927397723413
-4.789531679690711
101.36552248437363
162.87333417677453
-22.781898494469623
3.6538675162796252
33.4544001524109
67.94431378468336
-22.79515072994306
45.0374456902421
7.60390374999243
91.46169551295415
43.60176258958127
48.69851064824165
125.60147989346196
75.41808504828136
-22.818770591846356
-22.825196004442873
-1.033381870349256
-4.715357067128025
116.06846961622986
113.01233416853582
157.48653705685837
46.64248869566122
17.998500345253298
43.59965917199186
16.702920099066368
-22.79861889197595
125.13446384298476
166.22264213547766
-22.728903270377053
5.284600014545853
126.625421519003
-3.6396518998146057
32.898097919575044
125.34686756406902
-1.2205208670066447
38.88287373044424
-9.822873885624935
36.809056065670326
-22.804841478364335
3.9016863120513072
12.716327312068202
8.042541040433782
27.623445649162775
10.68219126510952
-2.6190742518901793
-11.035489588609998
34.07510315386075
152.19651484190842
44.6058410599828
-0.15287822969754572
-1.6964548847211773
109.69574044599965
130.30898382168363
-22.816555201500655
11.523117613000412
34.168911725856056
0.056731247062487
29.591263431340437
69.43685671986472
24.764007929262185
-10.584873404141929
34.76070698282122
66.87960662810502
70.74943011460371
32.41394159784014
46.22608616634709
-9.85092731630305
88.69869262220149
-5.535542110757692
29.75858191707524
18.812423749281322
72.38256366760034
25.548129040212395
18.6369072079493
9.818549145615762
45.589801301088585
40.726063566664884
16.856883493158563
42.52422508074176
104.86439629160076
0.47325420556550196
-0.3825027820633551
94.00165293512454
58.429360974894614
81.93496985349967
46.53369351122321
10.727462152872654
101.64805390871145
123.01812197439624
83.51383350881272
58.53041569082969
86.22503335867955
72.25239264945189
40.00941469110383
71.52281008285001
67.8964368118561
33.691207081924716
39.53777595694199
43.735360844145205
94.36773243752117
27.298531028754162
164.59053669237144
17.908934709250936
300.18665237812286
90.43958590873744
17.79425114281144
6.210232269836801
132.58994491519047
46.265239778230566
48.58765004311337
156.3553790439426
89.30980834893221
40.93009907629095
13.444231086158084
19.726484663758043
153.40708863736606
138.87670399413338
12.870058918139186
-2.0266267761290067
140.57013183049108
100.40298434322919
121.45143447231581
18.328397590542817
14.384888127836913
73.29197359446023
17.447410299758964
41.731775650127084
6.730131190697353
44.56064282488825
113.55788857436183
21.82480238974094
21.817986892561116
39.60813510690796
25.849499777625
6.201365004612338
13.21215797881284
18.67585160729875
50.109998477382774
37.584277938644085
78.3110320996013
118.46498992164763
18.80619525544142
184.95010666290673
193.47365563075482
114.04667398242239
120.84246441302531
-6.432552398337258
-1.5789484607113706
16.23683671290344
25.99959796713459
46.20443481869168
27.806119269529972
17.704568722810016
88.27740750027527
70.27191775198118
27.383932118448925
55.25455792077716
78.75568070022267
163.34036185135116
118.42796154588459
215.73205715201632
149.24411173495818
160.3087298556764
98.59691791213223
99.86331179888381
8.097180533955488
-8.55353513353401
19.28050404573149
83.86497272643614
6.986494209716724
58.7984208006381
30.25875127562218
51.19769638375772
16.608819321544626
131.28948510777457
68.96148438008461
216.70757560572562
159.61211985568366
125.10868756255178
39.11259766854014
8.780929451293424
49.749953771144135
14.277544709513915
4.115952736422629
170.8440804906686
33.09623306967153
18.54620071781344
358.18020330925145
8.330682427008139
141.70304208858806
79.31431505647303
11.201288035783495
41.1955519127879
8.146423307667163
8.408499547949237
5.070206744112895
22.92207679932316
25.341476610026447
108.20561565497673
133.55651017276114
116.68406272986202
-4.559502318289546
54.69892581862123
-4.426524445467514
7.615261251998735
59.54215195849042
-5.867167915119068
24.653823601024037
106.6411509103676
31.988007751969803
-6.913271158143051
216.45037206150425
120.76329790668194
350.124842258917
232.811245783531
37.95420245766639
5.527120119548504
-8.455948128716813
55.1555085441735
26.091647530982446
16.29539705591399
-4.485077872027958
156.858384360936
25.226288495658167
301.4444531700429
77.82180330032776
14.288527623753474
2.655490489933218
39.71121374731262
198.29963272363608
-6.872861378474369
180.63151530669134
19.459243996640062
30.85756947478658
10.455078639811871
98.39518885781305
221.66414325996402
6.244068467249463
64.72093299070994
47.05969662086832
143.5308047356208
64.68995441811613
-5.211429183946715
55.774008649753206
0.8458909521169105
95.5676543569002
-4.394461336050531
79.77375100648652
35.31579814393983
71.08271774234538
-3.0195989209413563
21.744929138081222
123.51502477427654
217.62051841001056
203.59690483374732
23.95906780046888
133.28694786889847
31.168120478987696
22.51249828622405
49.90171245762045
32.81596903612381
2.108719096789752
-0.7952180902096977
137.6840562921928
0.5580499423560141
-4.967430819686914
249.76280316253505
48.52525754306715
29.646400798303823
44.210716096911156
98.71566442571041
97.72015840586192
21.89912527981565
27.206291948225775
128.67333101918962
64.19195473498769
64.66579830749167
40.18276437540849
218.7598954782022
69.59309377383524
66.4511134578172
186.90687248106795
71.8041984987259
70.26718290678497
15.653579968232258
43.58043261941935
61.31383130154674
14.888962660623921
194.4010466293527
74.83071589556006
47.11698720997572
48.5284584787157
45.235033405075484
142.8625901609659
41.57101269961729
59.42494369747159
70.3921212935456
49.34179780292841
26.878010608481027
45.287362880044526
37.92779782630008
18.28052045825455
29.63721552377939
43.87612821181614
60.26786207866667
23.361448488696045
134.35066775639018
52.127531075990866
139.38579609401523
30.105037076466623
19.78037883712186
94.94973213328255
7.926852610243699
20.82939632816573
27.234442000748313
4.574960693651563
-13.436672532379616
78.66955764982436
70.28062930520048
156.37115227435697
301.7644162988034
153.42703967879217
26.660603693177293
201.12021792785993
144.76353968450758
359.54376274457906
52.389530511067974
106.47085078040426
246.13236230864794
356.6553696242372
20.16567813759048
66.74919553106695
152.62843022743863
233.76895103770494
162.09316224118075
40.35125461760494
33.986699838889976
86.85269295307002
96.48277977089089
49.38730455733007
0.5038653987480516
358.6190432083276
165.3132727626429
82.27059840000665
84.72147240169186
56.241679288480015
57.89842174304856
120.4292433162199
171.47753066740438
139.90124371627968
122.3571161599954
162.79606788039877
168.16355468528138
74.17322512100144
44.81767631885741
133.05122227740284
189.61809885310788
53.71020544596348
107.14736838829188
206.93041931366258
167.47566873963007
39.41289196815092
44.20826605817676
446.53128134097653
91.09364382151101
138.5628374303215
117.5147479764488
439.53225460598867
305.7500313736896
406.1513927181727
290.7019847441051
153.97182787982956
73.20607345721292
28.466235016112506
422.0855375106365
410.3184703087476
231.91774524784088
263.1575307078163
394.9973533890479
146.5960975505743
36.43353844414156
49.972277919020954
98.10140175203486
223.1822691068848
150.32998290355005
198.3416909785569
392.8092243928876
19.698004030303835
227.56523757941198
152.21297669875952
244.54282825251423
68.39126445217266
59.7633161721362
380.7146521785193
140.61977465967337
313.8127849454615
-9.175892084570807
179.42206024393437
214.33085049976344
428.91868333859406
434.2395868915319
419.4747192597521
419.6223278062708
339.47513275302117
142.6028574600882
12.579932224353195
114.1073524957564
423.21074383483995
282.21202827657265
126.44760170666711
70.46415527761977
100.10739767360685
16.783576594298204
99.92481833608613
178.82477712505394
223.14530454443565
285.40727354264925
308.30822275906803
64.48111279116736
455.1615797004435
229.1411499825782
187.18653262684745
309.166147547
313.737267496056
198.42860294972857
212.4584171910915
94.32417366032801
291.86674023452736
216.83708033218977
361.0939870680703
47.26153030387228
91.89987632903787
191.23635929945445
85.25639263540506
140.36259865774048
249.33664986123642
45.919724890013555
404.6277792456581
213.25742785238558
117.07351643877888
140.60162042074734
117.80269082642265
360.81363423546156
325.53877175920536
435.8018514986171
-4.865454588638414
176.25143246405653
419.59057143068975
97.81345748151342
227.27174722934762
192.45250742582812
61.683318704101765
406.24730496916504
306.3217290673653
244.44915274327002
419.8505112360583
437.3792706249819
438.5613040217095
432.3254055667586
320.190558899194
386.8522017418179
48.719947910606884
281.13514373537566
344.0483519174821
150.34698508424893
351.8084027046462
307.5964961513711
200.76802445752753
302.46350981528565
84.41210335754687
245.3844730813967
0.10532152103052894
42.172447314606764
239.41600795613397
72.43571350296338
32.48166737712094
9.429796284519966
216.89727094006204
421.2105923423005
441.3006929064128
364.6115717631578
255.83123153199756
124.97022135143476
296.75224825412033
422.3755799170666
427.13063233355683
205.4786464959383
281.14293674518666
426.91290957401196
424.0938258100218
428.11883148026135
212.28688077620336
390.9956094894641
431.8973030383057
413.24386537154516
394.1201583241092
416.95432836751144
416.7303074878123
213.9344432230128
441.6231009696424
429.3363293099569
414.6804135255185
282.7091877531674
418.7793796013792
353.86863139986997
401.0848960666193
213.68046480606003
439.48947865017584
275.83198296896285
51.56067938562897
296.1259432412022
340.6343090309534
320.14716081791454
52.27307297249636
451.9872159639001
229.33321925479504
428.8242889955474
319.96201092994875
387.4098227722943
190.8694164703124
301.75866480631964
281.8733169830508
430.6181405328214
414.708350599077
440.49325008276435
275.4528639530473
450.79577977789774
436.3432553109858
417.28513177889914
404.7622195376787
314.89928069656094
348.8577619388037
416.1072148592108
431.68816810634405
75.49366718838611
120.84144042432308
74.84652917451328
420.46308856682646
218.06848074018959
451.19535840875574
414.4440979696645
281.0908584561447
433.2153748934468
401.4672002631757
308.04866457781856
403.8419716362821
254.861452688045
81.2037922324571
110.84601967414221
295.1053886470861
221.98302520046633
105.37539402556088
272.6252589043644
271.7343748119639
409.0654985515608
402.56129686190025
224.5568759956459
222.87498274215397
422.72974797142876
40.168560150514054
327.45239108835653
385.34992170532547
412.4468251109123
182.03986336506074
208.401098194619
288.27124822571875
65.06708075794907
421.3223016382588
406.0586196382178
130.1642917161352
308.2618890351057
335.1388538419207
368.48982013525233
163.04406293938558
415.1514561499655
348.45137166996795
235.3771621643669
384.2164267707202
337.50855228225385
395.26445994362234
422.4154718953702
287.7090081157121
427.8525980985496
383.3801266341242
219.5704423525433
22.665623385012147
314.7694572236637
410.2131314859125
174.77358068039018
392.35214157657487
345.6504288569755
437.5286992259655
249.24923743820852
441.9728941711121
161.50833735903103
189.33083430101473
83.12250716282261
116.59068814012738
445.44309487263365
285.6366056880686
89.40997648124892
97.36265673731762
40.15174609932635
109.46278582357701
-1.362376748455894
-7.2851878479123116
48.21447828796174
182.01147187295885
442.5842771126827
436.2975464503964
431.919602719297
443.07150446229514
447.49373544237676
444.6015773152643
414.38666561053856
441.210147921592
437.704299477968
423.14230210423466
388.98213112831115
169.49096051656537
-5.905796116458047
342.3881713545654
341.34574594106937
50.90208248029154
412.73470627605917
410.9097710661094
440.7097796095908
374.12496147066355
212.53678396082586
376.42305538478826
384.0553291121456
426.3209797172083
436.8566220587989
412.3070852316088
92.37840131303001
336.04371578373855
412.2577511954307
423.0401330710782
379.5559817692141
414.77280571972335
370.8072904811965
268.6548284415073
437.7007284416424
304.02691620472405
449.28136516047846
101.10537027789485
347.27782863027517
457.56975890874867
31.453860790762608
37.99169073008827
362.04458267913924
100.76432442138591
67.85592947786053
368.3684287682672
405.97340442193877
182.01505839536588
219.31200456168918
86.7259701259931
90.72936353650358
419.7142157451312
430.40869843473035
427.4801843719184
411.1259554763635
405.82196686239706
443.3637348840303
201.72898451444178
430.71473132131825
367.8238460763296
290.934481811838
211.78353745803238
409.79793723432556
401.0400486767955
413.1851139126221
381.6661402828495
311.6595447324382
415.77204419286716
202.16382856047818
447.9109683586822
431.620632696963
427.5754241593348
400.6929717046188
75.31849731168815
400.9110398459765
448.28183367540436
428.96512785941366
449.79525371654165
443.73880226014387
126.03339356044928
264.41702909744447
395.81263940976726
422.5062501050035
352.1448040131728
76.88799591441949
463.9051958399349
454.8119946446684
448.5705396548907
352.7103671515981
338.91224920057584
231.35231667603057
441.0097352030542
124.41248103592133
91.70729414289197
55.30440856774649
8.018672524624403
240.64746155091456
429.9426416225069
366.2237589234776
430.3043263071113
58.338159234639676
405.0510925170117
159.7498464946118
405.83359507833916
439.15575494079127
407.7204540209803
415.75041994897856
289.8271466679705
44.659697566496014
262.5802089544137
58.27966384367812
206.87324655170244
118.5240675160951
394.621756455236
439.1141817997561
344.3399077739318
223.85046298383008
183.92556604236364
186.0794356930587
198.94822733278076
426.6868496087028
451.06638275543844
444.78235763544836
416.57996905696064
199.74221834548646
435.99901529490944
400.45184596810077
423.194337166465
411.48550293826395
443.0154650160339
430.84355993383457
447.4134070462982
348.7032536599371
324.73241163667706
448.9805491596129
166.16554621173276
434.1244599015183
80.8851571690374
417.8754768136806
335.26036775992975
414.720912416329
403.7363345796366
422.6079415353636
439.76698640515406
432.3556229315698
420.6506216176019
424.9480723331372
103.84350648640925
448.01279767788117
324.9326244796316
418.8347063526014
404.66137719303373
456.15207420166996
426.3699554058247
431.27183252112735
420.4975325834254
394.04709499806165
440.5450226224959
447.90787258139915
109.1924783695572
258.97909780439403
99.91132346643343
47.517814628796444
96.92445438262487
46.31153579079442
453.0261823326018
311.8123573438327
6.569645613531275
281.1758803703719
425.23572136784594
319.6501403478119
425.04969842900834
434.49974418916634
433.48681500974624
381.0530103989906
410.4136862038076
429.9110002865063
411.50225378491814
418.9676538042724
104.28129501178861
406.13700560784997
431.2799362233447
247.71327318208085
438.0558906864292
412.5368182003333
148.84235803138878
24.764053135911624
375.738678754982
245.3511421077947
229.40802848170202
255.67696139405177
174.52719435019625
323.5827680486441
421.7993358357085
366.3582894607054
188.04106489779218
153.97861506990262
405.5279495395886
124.66694349348546
422.43156676607003
206.82901639696627
399.6364655415217
289.7675719320443
244.03208004403444
418.4114044911166
219.80363939329982
197.21364768202108
134.39577879917292
418.3413691488239
426.43990172296765
425.47630284594163
253.730453844236
274.76227922156454
418.65552263196975
176.1701907047298
458.4971742124359
434.73039363622667
438.6071391287777
444.79289770022035
404.2604245793158
431.0921823734873
433.27502110597163
458.8596427440974
434.8194775107503
416.2770621159838
437.43887810561387
249.8501445636981
442.21635582139095
300.6338988024328
398.6316156800422
377.19257423723735
412.52347015223563
396.6344917981989
378.05253429409527
163.66838129667772
432.8307142019106
159.76588153991435
430.53502572519915
418.44990759468743
450.3798447413577
429.4389845205347
453.2262256080078
453.5945194907652
456.77173966334925
443.1360861867004
427.7524782121347
389.3002544080714
399.3636814673576
441.44689978972076
438.0098212533361
452.11723509010346
443.894415490528
448.1351561832759
407.40222224738864
406.7743423027131
266.6725077709059
430.86509190294476
449.8179288503197
185.9645744254854
304.2316532696287
149.8153420785566
340.3824612876607
452.5592918451627
433.46589101271496
432.32526205033065
415.9953701898621
454.13578228549824
436.7726269604431
434.777365090847
422.397206169996
431.4288772818777
227.5445967980557
434.907338099281
418.3133464765383
137.37812216076588
345.0361858059963
196.38689891646305
404.0259682926536
282.0081281354361
90.22609839611584
255.71513054529828
137.97317341072693
451.1860714514057
357.89311214867564
214.25094874264465
423.0938285745681
401.4265448812313
415.87266418990157
429.5195899800128
456.31208716356093
441.4901621778144
450.9479272801015
432.6815337951813
420.2904913341668
405.3446537123289
186.7902025812202
429.2823058955868
448.54448339717254
407.1136199688415
431.3565144103766
468.0872464127673
457.0120189774699
407.62155439934793
432.24747025893794
167.50684766040908
128.3850755220983
16.21944461464882
125.6427930645479
147.08562958391175
414.9159040012128
451.67639323964715
421.80869668250284
442.183026738233
439.6676932835248
211.52889523357152
375.87491601354543
314.19990113685526
416.8998745458987
253.50882143151432
423.8298414902058
424.83933814012346
191.67473040219812
452.2971562119656
409.78176278654075
315.895492903971
409.30032906423014
412.3162589118547
455.6359871979886
389.3088583033946
159.12285332265824
308.9035695977509
409.42004449468516
343.63987796101304
438.8254877512653
347.0007722855939
453.06289863881136
392.7296945629186
52.43859548921718
111.40568974445263
79.20404317776362
240.0889778163367
409.56862884657255
418.5967020241254
147.88068211378322
414.42078707334065
430.09151390746234
444.2046480917931
438.6619612925582
126.12912432327866
17.345583971788475
267.2375199025207
403.9166321373317
438.9597881073422
237.63750427840486
90.04295652374623
405.23314239493675
452.27107484925125
415.85275175258516
433.88290814795425
450.4792633083463
232.76090344617762
115.87543102883632
324.3497099887166
438.04011916259924
441.66009313868153
440.21914407382405
449.90465514666505
115.7736724292073
56.22588951804572
431.74789321454034
427.1822281431655
426.6776387799117
435.4326981540687
428.90710403399333
112.20327917519543
425.0266392879354
433.6247160018153
326.81778621420267
201.2897124090294
329.7555800561772
432.138417778992
78.83859090753728
384.4985201268726
201.7926564405693
106.18393284395336
243.2208568787078
432.01512561778225
433.85714073088434
437.34053714177674
250.3725614488125
15.67255785552993
-5.946788840591914
8.39633029883106
56.35251080875592
397.3747597626017
429.38256925187176
70.45451479845576
430.102679624988
429.41816366248656
462.8845863816142
205.28971676597993
420.74912693056797
431.97275592552296
420.8696025343074
225.4431170352135
455.32740107789635
452.62916295558216
385.49336639348
460.0727633504073
448.34262020534936
458.2921597211891
193.211021147271
320.77517608003484
454.11586279233296
437.6121465969582
449.8513533058597
446.9847182575862
426.7988278153539
77.5925856029325
431.29771938469673
191.4989030456874
441.66606285858484
438.06134937160544
186.2799223944876
158.11554943674142
30.49544086666571
309.6144718427128
192.8635998755197
217.4236758987771
450.11858291516705
413.7313270722826
436.0023614073793
441.462290860696
450.52233114878334
244.68116250836187
-10.92053790771299
-12.078690502709813
-11.257560806804234
-11.155327144033379
-4.136454770598144
59.97129319737357
413.30533315161864
458.2755738262666
427.6277960032721
317.8533327993585
33.58703498951263
50.336935971793196
439.50704650345773
438.12678223667876
335.34489086127945
132.02289026212355
437.37558141610685
403.2997922966547
392.7992210154566
454.924690184676
448.3849120317896
467.450477034284
457.7359708266126
155.87385875781376
-12.014270437955856
260.74092896406853
41.33700664608015
418.0807434705893
455.2769726625085
461.201334730188
82.74218579683038
142.79550722494722
453.2411420492331
451.07405467881097
436.48213210178744
217.4121437380049
428.79967779197625
258.66471176544826
170.30695891221367
413.4604058990545
449.20561968351404
420.44173941983115
464.02164305696886
448.79456268467834
455.1045509743691
453.44269327087534
314.0555835286611
425.5950487273435
451.78937315646147
420.6698612337145
445.60471816178824
450.0416210607522
419.4170772435599
426.55772828082246
417.93254827959674
444.9548824118243
460.2540315186315
430.67382059961557
417.79296233470245
94.16619921808444
437.5946687757803
426.3765199277467
443.4485409701864
231.44509723815654
-12.495998411294487
438.87736046297687
302.7108427021735
446.0854021278852
458.7912538887726
436.79449362918734
21.803326227400056
354.56248005910044
321.3993358798159
425.97818240821357
365.365944179578
39.22764673618807
77.73679332998063
437.1873381951782
446.1608759563499
431.29848186476363
360.05784413294657
436.8347011546459
217.05018073065412
54.30712996012634
24.235255937013356
206.24516295416487
85.03775447923277
423.56856817023623
438.0761499746144
446.2632771866852
263.89665701230365
453.5158743787474
430.75121927213337
434.34357894930577
416.92836486074657
448.5753123454584
441.40735832010705
464.64772531410057
166.62475246161222
237.24466117540996
465.0621614280343
224.77801105351912
426.0685023819076
442.31325624658
459.7748930590683
449.48980149128374
449.4536611107985
448.80488044397697
447.96451765762436
447.52770014825796
457.26269299811787
446.0626967172159
320.385981280903
29.921671744270462
35.15690707282887
74.0030306890607
459.5393666726351
399.41384846770103
434.89304888351097
445.87299595192076
431.5896091742152
405.2666774763002
351.4502310850057
411.2008545806673
430.22449517779876
423.4147332975931
467.99253570680816
438.8736490695841
460.38297151039046
435.96454248529346
419.3515260094404
426.44392810458936
440.6585458364586
420.9262978502777
370.47224496391084
175.6042899179227
43.82709620422787
17.233294526139893
65.22529608350663
445.65341637601455
285.35545677350626
421.98188299891024
229.33670883422099
438.75117098396026
408.80797708118956
446.3736897303329
422.68675545808344
415.8829791579644
418.5422859342562
422.3049718267388
447.02431686884825
458.5627839098705
447.027083662947
381.51482499519983
77.7704743885166
453.61656162927545
134.5838012504081
442.22468508864443
386.9497314211229
458.96003293297355
431.6694138129718
429.9735029912657
56.148098658422626
104.59654535724057
11.918065579003766
88.99655280503961
78.03458632810248
437.99475189288455
432.6238372338149
415.4813973053462
391.68508189173207
70.60147722870111
432.76010042660766
-9.940430819855795
419.4774550319546
452.42610306360655
449.0998977001177
447.01573919422094
454.8811030667192
457.986115943657
156.5887925120195
439.3449287397497
436.0187057776087
443.6766111478375
417.45148833110926
76.36720302248996
126.49981017210419
142.41795145572888
248.04562087479565
428.03745903487004
268.5051391381688
441.3329940898948
443.565344562663
422.7525422977408
403.3046469123
52.296920965049
397.5857919519626
415.1242214166456
448.01376997921204
428.42114040854904
430.3943001955714
448.8916106394264
447.5024583596322
456.2980442617668
445.7390139055086
453.72456656071876
450.21403559909925
459.4269814222389
303.355514988088
393.6380455711236
369.33794352029264
442.2921099494977
402.7983567934504
262.5436924952931
438.3258878179722
446.6575150521762
389.13386313150323
431.4668191909865
436.0853321306904
315.2682386673167
386.4300236636807
397.5358364784064
446.5347719012035
428.6688251572052
19.860487137065604
-10.214323604539452
67.78732965958699
134.28228061937207
329.5731430727289
-10.791156395922103
373.9165643195544
427.7379628841248
432.391573735103
428.3411062918355
434.55229980342915
417.88542138830655
-11.040448977451355
-8.624770606714817
-9.508141052027545
32.19524014698134
463.6868310314086
448.6245809537172
440.80402984975115
143.5131958715369
126.04460792725118
126.01066826263235
427.18566290825606
435.8998780277868
445.6449882168778
309.6513642932806
31.346547564814074
35.6173100479361
36.861910831017624
24.824786234895388
154.18973479459683
416.6457296733724
449.2910787381066
454.5721937136352
463.07450746734935
425.27112421101583
439.9609539756026
396.8940644208479
455.81079302695065
441.79979117820665
280.2505373465352
94.14066225290298
458.2533460266392
440.9565480107897
431.3737152422832
110.05439264541286
442.33317781137094
373.42980033202304
442.4935947338409
453.2979574731323
433.16371391104326
278.37664575773806
406.2936759304007
452.6096572988894
-10.751863025744754
434.03144329896156
456.78773767573966
365.78300558041866
382.0079918070042
448.31206799018713
232.4822225642535
39.29026717807848
119.01172277809843
434.18088734255895
462.8345212488373
460.4704835537407
455.3097031629251
437.3246622593866
441.1855441608636
2.586617094911748
295.86176751842277
13.40086289130987
425.8226851644615
5.472136532304399
301.61897499225205
64.6277497017218
97.98316954660744
406.46818399565086
434.7956488418496
210.37986834686666
438.8924086828199
465.5420752420028
463.7588629531529
400.9447340181387
-10.175433381772704
-4.397706732064492
390.4983610330687
415.00458779666155
161.51825420230625
434.6537906844252
455.7147666806976
471.0440410440167
457.2343229181899
453.6164857280917
437.78643483418557
452.8510314914253
433.35759224900437
436.344943471522
401.54669764871403
448.7637732719382
461.74128705283005
425.6557482389775
445.2035850129856
450.4096272289256
421.4573886592852
445.56586892162767
444.55777789860963
453.3544957412945
452.0969220420718
49.84275550479691
113.7584614219765
325.1581755823228
209.2314009819097
63.860013864636414
468.4105235207743
447.23316620333327
-9.879023211588459
430.82782547813326
432.6786202804082
439.45166552657884
-4.034318316351202
-15.952113758176566
-13.971538426395918
-12.700138672050503
-11.523564052487414
449.91891759417126
446.3082691655225
445.41195911111106
180.6351560474601
98.43456480665341
169.38181141747367
214.213887325012
396.6051664670225
397.7452586936619
232.2035687870946
451.87585458176005
455.44685345398057
207.7101050884194
84.36991748230324
446.8581266603536
420.0067701982458
437.57986372457117
419.2217397412989
449.56667621117504
445.4832474485702
272.06089955704897
230.03136424736846
411.73612081224724
431.2470833169586
443.4197855645915
432.5968086677293
441.0486094951216
427.67692403809895
90.17857503500247
415.48147925464644
302.7404273616605
418.15932539059054
286.78743378622664
53.170652743213715
441.5305136375626
-14.130359680831388
239.68531363466877
59.99202527725697
-22.598118885017104
-16.105158008969493
59.09718517172337
39.20228573307063
-16.496033919867546
245.52126923173665
156.94640523003207
6.282035103870754
-16.16416024736232
109.28794438686637
15.744018608712487
1.5960938001275053
17.268581912202972
-11.360163613574377
212.85165031295685
70.71576909151342
-2.514167630026737
84.40285218952432
-1.3976622328162236
-3.927030643622075
21.089914012534738
205.1344749492241
11.306233460853509
4.533018760946058
59.92430610098772
23.67732412349847
10.193162608802314
-22.57224595695734
10.81190326314833
-14.509752603077231
-15.470017287641781
-0.7915751338766732
-12.862193322612182
-22.581308856176005
54.03186219712804
349.3270153928068
-7.4239474828706875
16.230602309306462
239.9983424306247
329.7977151375976
270.1190819773906
-1.3406485498944956
-6.572425534079475
2.020354217112061
0.3257625639273005
72.63546127390528
5.858832668943538
18.394553911785287
76.25150747130314
17.395895587636346
24.521073283900805
40.06907899639672
18.956875003957077
75.14469720449713
31.847247695840075
6.506876787808206
47.24170364160011
9.526026737921768
53.72677208822634
72.02111322972509
11.414329864660896
133.48141390148135
40.264093911349775
15.384909528096529
17.610513266325
45.573648687866
15.491675594366267
-3.0189132304324087
110.94921307704513
12.030765801015825
-12.281788466804556
-12.013820133374796
8.406964854482148
-2.686095474484891
423.4926094655991
5.12688462073605
58.36260665636925
127.88917201843526
-4.338023941516879
60.77473124341833
10.85256091025142
73.15737498541674
35.530530907074635
178.5079694784979
428.19548802434485
17.640860324655975
9.872353211489004
6.5693831947474886
303.5545810710424
451.1257141236431
1.9027648755245679
4.282865931822194
-2.8293033345142824
-13.396516084541878
425.05864270319876
335.7632003331391
282.7804712357356
-22.054721424496833
-21.38927599308557
408.0314472545583
421.0460945419791
116.3680259337657
225.75859108726354
234.46212047270765
300.9376919311633
345.1966915809313
187.9069563203421
14.038718288083878
414.6401164794614
251.692401324398
425.33822595268
389.16995914685396
427.8663090257031
414.4696671772533
448.91574626988836
428.65192297290434
442.87987704757853
433.66731498774715
442.7939800332188
170.82317570806873
280.44888635296957
441.01307187347857
-10.589268041650453
386.47172137963116
453.23871476089124
25.93902815681696
264.9214588826932
54.53133515805006
23.23596637539152
405.7888236015042
419.74381458310535
369.89094559923393
143.36316463367808
439.80255478491387
156.0275276518696
429.64218095471375
207.3331769705481
-10.524863662703172
398.2044127454146
189.16073835450743
23.0955485010412
17.980995236337183
15.532710122752519
-13.518813413646484
79.83691225349904
86.65206316336658
17.402139258748946
56.54148120539057
-10.096077660984463
74.0534509207474
-11.231913602103791
-22.49206547100594
75.9302675501671
411.63475251774486
189.61106570923494
297.43442153206803
335.08840175146537
-22.48407719604505
185.63591602780085
277.7193721275926
-22.5047465045419
422.2801084707512
413.97667735168005
296.6120642553072
414.4776127013367
329.9802535374463
380.5343007637933
6.268482784819277
15.652158504757619
-10.232555786983832
-12.539615269954831
382.8382750028504
337.4766864897708
408.8136062005312
129.4996238372392
390.80037476136874
4.3568018649684
-22.546060354901684
123.53885878082778
-22.60073542791274
39.57866995304082
-22.55249882933166
370.5194613658733
320.006479821504
128.21457484263846
-22.681175389332076
365.78914391678074
1.2216594584451812
413.5769281932877
70.80556485030844
278.6855876593128
405.26513666251157
108.64383295781225
38.489024873011644
176.6844918405745
334.3350856348343
177.16648177674412
38.21805395146211
445.49822785527346
439.9126050344689
260.43727625875886
256.0646257104745
333.23042202491723
247.07024994237554
240.53322889238595
231.82122753560796
232.7495522855719
272.96585458891593
271.93879104891084
43.49455656494533
268.13285999662344
1.8973354486314973
147.05168035743964
-5.866189799275663
-0.2809231347272164
393.8645573600753
11.771885401859869
183.3631933319146
450.98923503551924
318.08394888216674
180.9876874765057
386.9249620102213
5.281530421396091
384.4394814204195
80.57617876136725
384.28174953573705
389.67267819502626
283.43533517465494
390.482920834388
217.88370809137157
35.85708877693282
15.575197463399839
433.60943727040626
256.8903007936404
419.9667942832029
425.7408097835105
242.06214899798564
418.2476637746327
432.0716582451165
143.79066430320674
3.7172638460463983
147.3488720463713
17.07095532175567
6.285791644023529
122.76227746791307
16.464285945395638
30.856592312554504
15.25942832008996
48.53097932441368
-7.034538978623846
214.97221420902343
51.389215954716036
57.583062504107744
33.07047528477176
432.01495724937655
417.2762390441429
127.14303367876067
430.7232937209639
441.42489342744153
426.2322120860252
421.4229012346682
430.34784374339716
194.40859604492294
442.18220600635146
-3.731993399540581
6.709217218625884
295.01072021470196
337.7730071136642
56.13157246831888
170.7513989356872
449.6009063111328
28.439716033726935
5.144245492782858
407.09043300378653
324.1267069189449
410.13680608273717
414.23837873971127
431.9331467224824
446.82618768823625
466.96724169702674
194.34372923615572
441.38283186571806
86.78465194017355
103.83452959854405
438.8353794256449
61.301257597702644
434.46273390544957
455.4093352007833
446.37123140538233
299.2584197143647
447.6394259950436
345.5723673558184
390.81297042999836
349.703898480649
387.6066371133443
433.1282187002732
451.55753447976383
443.72696970941627
450.3293004981016
263.3376161864101
417.45919839567284
381.89596907240815
437.31676994659006
446.04620873307846
387.7702178711626
430.94623690954836
432.8681685199524
228.87631723885252
415.9033204074849
447.0075111857189
55.205352468854855
408.2488195120303
418.7212121256921
359.00505983895084
-1.2916064970360868
329.7770898575653
430.92039226050014
117.63588032957425
392.94222013828
360.1187443208663
53.004130778063505
75.42872756649973
163.49095882675203
248.42746290709
45.395676439932615
127.26617735346821
396.1894133438181
352.24634120783037
415.56680299522316
231.12450781075822
427.2528950706522
428.2206316324406
277.37315139738547
470.1818874599205
463.72572777092125
452.3326625462042
402.4293638429873
415.51339041117507
419.1144321256247
460.655666430258
354.1257271567185
363.7990252337157
234.84458386103296
427.81886961005796
94.57925021415701
434.2030126557624
0.8561585132082321
425.77233235498267
-14.439159822314977
437.0241453442375
418.8517576735012
422.4859135880205
421.63190063253376
438.930493469204
461.5064831250111
63.41466670498252
133.696809673359
-14.501697033113905
-14.794192048178779
-15.09301556656758
435.3876488002538
438.87527653248355
441.05531365356495
200.3691847084794
427.14128522908857
262.8796399558943
432.3160730113308
430.6131661578897
387.787796964426
258.8400026912342
424.6932431676413
411.06848013723146
394.1331874535158
-11.808642821974226
439.3247390678492
-13.57446312121219
-12.485628253171841
442.1502401841018
432.64745379573105
461.8889965232876
420.17593326473235
461.13535315970586
377.0788732112861
143.933796832583
441.8260960851691
439.2755529174665
358.15823552383324
-13.41522531347142
446.0788421483007
425.44203294467263
413.16589296784997
378.0527581918306
410.50466619482444
374.32304869044475
455.37566847671394
166.3311997485934
413.5503570141222
-11.557582744148043
-15.504076190508076
-15.760829905205302
-2.333019815153545
394.8168228011463
198.77759973078633
406.53740309066086
-11.677125574466254
366.7364764281578
7.4958424988157155
58.47496937908065
413.38296194227536
413.9623852125903
387.95554948749725
409.29073976005117
431.10314470990835
372.5710410567705
432.9877359959185
14.460102253903933
432.82097555688847
422.2833198073705
414.18674342532455
430.414853420256
156.86579408535025
338.9980372788286
447.273254516669
438.6230621362891
440.03255063969726
430.7052684900894
448.91387006096375
-12.437022184862032
-11.966504982731408
448.6481998762688
447.55301285200653
451.6977346041468
439.3351487594545
458.73873334069054
156.259998735153
55.739791318270875
33.27574343144067
35.93564476091995
7.1394640619821
45.27412983427692
443.21373462680987
-16.75317427417305
11.788378697339041
-4.621287083251616
-15.61557121967607
447.4530554424623
439.26394550893036
418.5887957459787
50.371675252321694
452.53739331131186
455.9584603765682
306.7966098859873
-14.418055500172908
439.5334040741639
73.52421152061224
451.5381833108862
458.5627085800005
428.7569915693866
452.3715784934892
453.9407804570926
332.414997116824
148.6387208759454
180.05545156502723
23.122103233254613
-13.33518911232551
294.5835788238214
423.3394394520985
344.1010759365648
404.15928956592745
405.3036494142249
421.5511108274427
253.2011043855945
444.94110184987386
289.24997269831766
452.9644199850692
258.13892647541735
433.6119149360778
-12.331775102802863
449.9959712597339
348.2264211203373
442.88059787466295
320.3002359631998
1.4063914565487459
16.225944776333044
-16.01215702858236
415.99518899492983
437.63870461217726
450.9554520291487
440.3946691772408
445.45585940325907
453.9080616533229
457.66342073307754
436.98518615297473
447.63640850956546
210.53917388172613
12.759396298478045
37.97723146549531
-13.812351670298309
401.67288209048576
466.12056177653204
464.6016043587791
461.8650843274196
461.7654242146546
442.7864815627006
445.92462471414865
362.6142087881747
404.6572307395389
429.8163020160795
189.19010972188585
81.55683488913961
-2.161144205978328
429.680473372481
135.3383660601046
431.3048561118674
13.672334567202462
329.64368642822564
86.37346411473563
94.88185817025433
53.47285117482808
419.01205616078124
317.570582357189
447.86410770802536
421.8370477376613
428.52289440152543
313.4655152480635
354.89512635604535
356.9366997400356
429.1794720112426
303.50691218536093
-13.571612651480569
-13.81202200598187
351.92432851344347
22.579283246649645
45.056933320330245
-16.06052371604575
74.47551869491735
38.61379926724566
63.64499961817265
-14.005280344386895
443.47449144555463
176.18605045863652
457.0080467894392
178.60757903029278
85.97903520763414
48.81754528152281
410.52132924907704
294.2165030542926
390.102093321362
353.27898431634407
330.7054235203226
438.1713436422266
69.82397067814735
412.69073090719775
461.5718372652795
185.00737723879683
343.7198355670373
37.708568698035336
15.545156688110687
426.1189553678085
453.54825277749035
435.3486678184569
54.39075817922751
233.84191773883833
51.647242414189705
57.0578109503256
5.673020947476235
-15.319653588930764
-15.132154297282298
75.0147504100849
-15.522651266124514
82.34143048639096
134.45102595131596
382.9345938098663
290.2549454749574
438.64243047760584
439.7577491924035
426.2183091926807
66.26384117594358
410.9967913483033
440.50217519682815
407.9802809652928
326.4002612518485
39.45601073776351
388.0678952597126
75.14376057567308
140.6075971243692
66.02576293152737
186.632451019995
174.91150915278996
150.79932339648568
395.019383578163
31.10987924204933
68.12532356238448
427.75015274884345
442.4065811595458
453.2178394490049
276.87103186223254
341.5075928641095
393.0332307035848
430.1235322863178
455.0699354862222
197.13983132530254
35.109564072555145
81.0360986926837
412.5261358786151
441.36922303234866
423.1884765921443
447.9878551321129
450.66243647714793
448.48531356218126
35.06074657269981
128.35612219063773
442.9282433194156
427.97508556676405
31.936254966454378
408.15993303066676
431.3208997563818
448.3295322895333
415.6620253270435
369.45343681218804
418.19771840095854
401.54866102493236
414.1854176751574
376.23364456220133
322.8551218110496
428.23773231606697
424.4027293234535
295.52163917729604
246.94267952867514
421.78421735484403
418.6587136146692
451.2396499260798
431.06453969307404
442.7250108068222
447.9820796142519
79.78841116297077
39.659076148099366
451.37853519775933
40.365810405049075
9.635963266726625
70.35967025084794
423.4797977878285
424.8512176142881
405.975293000453
438.2951963477135
361.07700368067697
432.87006205918055
435.67055427230724
444.86915305212614
450.88263646456267
446.1223375319243
447.39191920054793
434.75394366285934
441.4691812186241
458.81539374179306
437.9941353010469
37.9881015579038
394.79520032925393
450.4018838347892
427.66775484861597
400.43014114911676
422.1335761215257
358.62248671866786
457.4590830831727
425.45459907994666
434.20885301270744
425.28110083337964
438.99972712115107
454.3720946839551
455.0329116386308
452.96661609271507
407.53592694314983
405.0058144394871
5.90974628966385
437.6591269471678
430.81621942979086
419.9726672390467
415.8099467191597
447.19207065569697
462.5298945311374
201.05534319889546
14.616663499093718
437.19138573449845
424.18474834216624
437.4052315181843
74.83166950997895
438.8138377158775
227.2090349066456
452.72293126789066
460.0688853786224
455.39485866031384
229.2512851106073
444.47102984004545
460.1251363204453
165.6719293916292
346.8274006116126
442.23837196750435
95.60910037938422
418.3774085169674
404.80994817483287
244.41897339211238
441.37072325892575
89.51652905557555
157.77054348049228
421.62379094636447
446.54232168142664
457.5755517087347
438.8953053402669
336.63737798638135
192.12575436700882
420.89616337572863
395.15187481913307
415.4895507788161
456.95723579688206
435.1615945523778
442.5114641324579
416.16311777689396
121.02268042590549
456.7761764889558
463.7374127879905
86.18092761401329
374.2907779499888
232.66683873796467
434.9584067153202
317.4224669733181
438.1524437953846
428.7219299070008
433.61326227157315
457.4383688032459
445.19266039204257
394.5595043791402
386.409338247935
427.6599837693373
415.1596952400174
319.2924360434081
426.31306678486857
441.29970481165583
432.0328362974493
371.442571510305
248.90507115658454
225.22274867055148
436.90650208405987
457.5500488954584
430.99055067070003
448.79646243885156
459.9477978950573
458.378260435472
460.9545865441759
452.6012002501554
463.21752400034
315.5373995805117
11.747290291604081
58.71965935736232
437.08883043577276
391.9897687013756
433.03617193108437
422.8448340547682
436.62162668311265
454.5976371744077
447.14221935944096
448.762340980457
408.8807814610933
465.2653688798083
419.8891534196734
459.4635995527738
454.7778142179002
258.20020758519
-5.353448088044923
395.39116704193907
108.96057406432595
455.73478943071683
461.2339907963873
425.415855147938
18.32394753951497
448.4257709902261
427.0411801676319
447.93325362453857
455.6673381682999
437.4897762262358
117.94021950390598
411.4711037935184
435.12291655259986
461.5643707039952
408.97329364716353
448.2813378949009
417.97498625970474
424.5000710379581
398.40079207455443
433.14620283847717
459.98992139807007
461.1845389658411
443.1764956918889
443.0272805025346
427.5252317999966
443.7371726216408
322.84572312304044
438.92695575060117
454.3025893393456
453.16652911415366
442.8644032252893
461.64730076044134
433.23695821770355
389.98769063676735
31.1430353800555
37.42532213413714
443.2915306104422
405.8545330881475
422.9735349387095
48.20452721673581
177.99453605277336
408.1457158767846
302.2362507047918
-14.571033741898006
441.00743678130306
443.7048513169884
464.32087480086744
287.5553821676506
449.79880480757186
446.1688213661645
439.605566300869
89.49854202628134
30.812892314526778
442.92902190631287
442.1653725781977
433.9322658379243
438.5921783675552
419.2405622052702
443.76580773366516
456.75552533023557
404.94103203506273
462.1984880264203
430.4857545244346
446.09414571230946
463.7260456240275
437.7562339773443
217.77591972678238
272.12393420814976
425.6845468578935
38.813709839880474
4.889437419642999
5.322448088925746
446.824035940071
454.2478421266311
449.49442814681265
445.0659123904076
429.89169121944246
431.84365201595426
455.78523646496404
453.41911167725254
459.712748792496
453.7161195191476
-15.69092656224966
325.33894899931204
409.6278381093608
236.24871579155325
421.220225776424
443.80341192489533
435.22434306411924
427.8585168855588
459.97415606966297
328.5445198151866
429.38670585602193
297.6772728289309
249.64115389665955
453.76033072301084
404.08869084439334
224.58481282951433
447.24198909500234
422.92472810123036
450.4698085955613
431.42330828569334
178.58634600904253
226.25689607731167
205.2845946949323
55.763871063391385
144.1475503181749
-14.459747423099147
47.68373463097212
20.4370565042893
124.29502208704085
51.79814443413085
18.61824416824515
434.25850216669176
451.04163916026806
441.84901455998437
447.8936599499484
215.48187429736387
443.23822993716607
427.14006908655836
458.3475224975015
410.2205649343803
85.51339538073378
271.0814104958276
455.2507504417233
427.17933621484036
400.9701734442678
441.90560770637455
431.29167668306167
458.48761189654135
436.56599946044884
263.1477367835939
-16.51033608889911
31.346992275224764
444.61834603124856
461.7465102685128
445.64076978234783
445.0716993271675
462.89786734731337
383.49926890660663
425.58398348187404
42.14092969250678
429.3853449633122
450.3603845734398
407.9038523819546
420.06639765176504
439.1331747796801
85.37111135690742
459.1801373855935
447.106159281532
455.8298233002888
443.52588546966194
435.0864158770176
454.0632748351096
459.0224980390205
444.590986674471
455.26718997229136
439.7287095573247
464.36687431408956
419.0619417820672
290.31515545916227
458.5592503290706
439.23473580029275
154.29649561127027
436.99028218305773
451.5192873158554
451.31632683856617
465.3311793597208
449.8980398417678
434.17962826934126
422.46501627671387
449.5348373645544
434.5258756628301
448.4238851192097
284.3862967021432
450.9939501067996
446.15672311306
426.84949687076937
462.3648804068565
460.1335725416971
420.9879765128925
428.60907352568705
438.38098048831023
272.38822388313883
-13.57583339060346
411.76944634853135
242.87812198160748
-16.047126206868224
31.130059036076062
39.34445549881458
441.1585919089284
93.00305268064471
433.6047045260667
431.5861195644074
462.1550243211786
157.3623761320379
458.9253702663647
463.0936157125069
437.5550603071434
454.9067768638631
460.0405031721328
450.57374033322594
438.3618818340036
457.3062572522627
405.2267285402402
124.6773542092873
426.91884656342205
183.69810850598995
433.3820008596116
429.3328840952218
453.57881101305287
451.8114490922292
312.23984954776034
446.1877684847349
437.11051772591145
461.1648422001799
454.89711304098364
436.2997504769928
440.4485569810205
406.5472141695519
179.6261337912414
433.24924525982806
220.32995246566006
427.8161761691338
363.2590127289295
33.86210228948131
10.18775555855698
78.23292508943213
458.52771371447375
450.22030456804566
446.6985704781115
261.621704872234
446.8340331048105
459.32551468590896
394.8764685421851
455.45310956459906
419.7322095236182
437.292504825443
232.12164132267569
436.3731914368106
365.2947518013915
33.1618414738112
374.8559612310926
415.73376796164445
432.7527843681805
217.50752791830234
452.12560079210334
437.4430979498692
424.03262652999825
451.16201887294653
407.1570720732709
399.01461243930794
420.3925655027562
378.2927313989764
231.13906586225156
276.06272113386126
101.71706924382185
-15.387106432533926
409.76817685464357
84.79920036709969
444.5377278261482
450.81147267882034
445.834539690117
449.0488830716411
430.4562121289306
455.3460114776757
301.4453720406988
260.44198131474855
281.6561431951092
41.32002481781611
35.35466686680915
18.165241115266358
251.20715698678623
4.9477762000097165
416.44037628505623
415.58375652422524
236.36784838589034
422.95812123613223
11.556213879810436
433.31439531783263
464.13990297154584
408.43197920749583
411.0042630616872
410.025429892736
228.3995282518632
450.78790568824604
444.1665969158444
452.2348426348749
435.7024560229398
439.629420488884
410.51318317396937
412.2095641870929
95.43132936486933
409.7257613845534
460.61853297833596
434.80680556399284
448.66039979703896
449.1998415543892
457.83512704796584
443.61212357922057
407.7252234140867
388.2888102030339
455.17158451662465
464.8238518540727
429.2479613512225
419.4465123070545
236.91128019283218
162.16935887419845
443.0135521424544
425.68819295645426
353.6030713472035
463.6684612614976
427.5577386122082
460.96019137741126
397.24130261091716
428.05749930728155
415.4126891498897
453.70561086155317
205.62551552439731
5.381877090838223
3.495935184677439
-8.474759823031722
442.27505920489625
435.0750804461274
458.8243897632328
421.9771407135162
264.30370919875304
411.39434954684305
449.58849364290296
425.4690608726011
424.0209995231794
452.1122096244163
410.3380558392074
421.04361041360096
439.90849103140664
400.30965121989465
424.0021316419078
365.2521996014401
424.68987043826536
424.45229612893866
43.58264751604531
108.66354724208512
52.460319013939966
431.8436898768973
3.4080676595080193
111.80465805554394
431.42322030042607
427.159306429608
424.54928809749094
410.368932978001
408.8242931209803
451.47377822054113
195.45438665617547
421.6098291023041
272.76882875067656
453.7082424318658
420.6751354128155
456.96798179827124
436.893062019517
154.77254088953464
162.38329215285182
441.93532394860193
449.0886640664604
361.3036660009291
415.8296421538459
466.42920331375467
438.9933190744056
331.5984024269382
373.60797676380804
436.2483010680013
429.961039974259
432.7960540030797
448.5600922218793
447.3017593276301
454.25090639513064
431.99169482953346
426.6839784438829
404.37905936482554
390.8518398134874
448.58863426115124
428.35295865044003
145.90220843859845
61.67258791827493
48.57229591235517
39.67913426354859
22.435266010377156
9.702232447296378
241.0605014031331
458.651035929208
148.70742427506713
5.036878214538103
99.45294645356134
383.2716967604922
99.2746221004592
444.1264949234526
445.43262249217435
451.3935885573924
454.22323868114086
443.3150113373001
443.89650507806414
441.4224392939177
443.91410275773865
443.68947867871987
412.59900256958275
450.31366798506843
450.6241299035913
265.5934277842111
15.247733857565454
426.3838010282152
57.15629875464572
63.91287405216033
293.27424432860806
448.6364359267056
414.40529774500266
33.852246620522614
424.7062467411592
336.0988918717669
447.0602619258596
264.96039497310915
9.805120969169668
438.82947290344373
178.36856071865228
419.65108184128997
421.28212802345894
418.3802838646405
217.94240890650286
-16.323490312427282
249.81808111943468
207.61438883637052
419.4039215907653
416.44542438232236
429.14368868514896
456.82588368995323
445.73291049791703
456.3697566244999
435.92384369220997
279.3599436287748
452.22711165610286
431.25100823076235
446.96821820679634
458.9509493503306
305.8056502083772
387.49881751719454
138.9898773707615
405.24554856218896
411.22463530974255
447.58370948510037
429.3007545340889
400.90311790272597
452.7141394722296
449.63383800900647
446.3896711015205
413.76364619495143
403.9509784325958
296.3614501879282
415.9350791353815
69.78100149883166
-14.350721781717407
-15.637714300718574
33.950592122111075
-15.883208808965154
230.7116476952831
433.1548495518996
455.6279320694009
459.17316099882123
-13.544741610040266
131.1495253134933
455.0729888160096
429.16923426333403
447.0585185955796
455.35484098653
397.0649485887753
453.15663644731046
440.0762148669859
446.75312606576415
442.9292941058013
443.56840640831985
439.67828297471004
195.5854021516608
447.6800664827062
441.023825391829
-16.367039935966332
417.830407448709
436.87346371920904
442.7542954778936
420.2091748589112
7.013090064790504
309.226191089087
303.20855799949493
312.43210662524234
413.7197484734654
422.8624671365486
450.7072453923888
379.84428953420786
66.90087826049992
453.95409459677006
91.15823404553865