490,691 291,684 168,587 87,429 76,275 177,151 290,317 286,478 488,531 467,318 992,207 1180,267 1222,498 1163,705 743,333 1000,437 996,626 705,548 742,704 970,54 787,120 613,230 383,189 577,76 
490,691 291,684 
291,684 168,587 
168,587 87,429 
87,429 76,275 
76,275 177,151 
76,275 290,317 
290,317 286,478 
286,478 168,587 
286,478 488,531 
488,531 467,318 
467,318 290,317 
488,531 490,691 
490,691 742,704 
742,704 705,548 
743,333 705,548 
743,333 992,207 
970,54 992,207 
787,120 970,54 
742,704 996,626 
996,626 1163,705 
1163,705 1222,498 
1222,498 1180,267 
1180,267 992,207 
1000,437 996,626 
1000,437 1222,498 
467,318 613,230 
613,230 743,333 
177,151 383,189 
383,189 577,76 
577,76 787,120 
