594,377 590,218 754,221 760,382 934,518 747,655 181,652 273,461 452,514 57,423 153,177 382,85 941,71 1183,72 1016,296 1247,294 1282,679 1136,503 341,288 664,49 
594,377 590,218 
590,218 754,221 
754,221 760,382 
760,382 594,377 
594,377 452,514 
452,514 273,461 
273,461 181,652 
181,652 57,423 
57,423 273,461 
57,423 153,177 
181,652 747,655 
747,655 760,382 
760,382 1016,296 
1016,296 1136,503 
747,655 934,518 
934,518 1136,503 
1136,503 1282,679 
1282,679 1247,294 
1247,294 1183,72 
1183,72 941,71 
941,71 754,221 
1016,296 1247,294 
590,218 382,85 
382,85 153,177 
153,177 341,288 
341,288 382,85 
382,85 664,49 
664,49 941,71 
