-22.680974210846344
-13.607589004155454
-15.358645895885097
-16.303697226908472
-16.372514567044046
-16.374481607410644
-16.135108619166743
-16.023718501627446
-16.150749239789114
-16.02216598474317
-15.913853346837891
-16.246867360572022
-16.32972393780947
-15.573877972794904
-16.127468779053952
-15.466189786295097
-15.801314607560634
-16.179779762824378
-16.45103938970301
-15.84570754777723
-15.580774671150579
-15.638874400185214
-15.49539692793952
-16.019094410836697
-16.174768008059925
-16.072269384993447
-16.54188709911373
-16.360489385359816
-16.452792863547803
-16.173387807885803
-15.905057918548582
-16.56523132176863
-16.538909718937344
-16.514189177983337
-16.53435518706507
-16.28046177413066
-16.095483254955873
-16.16303610935476
-15.901566339472929
-16.12703469730748
-16.275716463036005
3.323152050640882
-16.72373596972227
-11.52178796870591
2.9896889403520213
-22.65903152424594
-6.461888520220067
-12.268041747013733
-9.284688738197087
6.74048952358711
3.568530377073523
-5.353084703269923
3.072537301655882
2.738328917360975
3.3337921170494025
2.88872698449498
3.061113750477419
3.027950130171246
2.6392058297873904
3.3572053827622645
3.259992044459595
3.0430817265647363
3.55007381723612
4.7150820509619225
2.7905969150155454
-20.532285686416756
-23.081095077152064
-22.644598539637194
-22.20644319055809
-22.497658881876205
-22.421433991013302
-22.044471246467698
-22.549747151662906
-20.784592016528038
-20.1823095266939
2.85376498528384
-17.179848174492506
-16.448540427055626
-16.29239760691921
-15.742680192848045
-15.830348210520214
-16.069587957763012
-15.905866049296327
-15.745972014135784
-16.00456334458457
-15.932679958939552
-15.895329668356313
-16.75340722247627
-16.171787369363837
-17.02558760543664
-16.357462467975086
-16.464511404765975
-16.285663509335784
-16.46129188524352
-16.189946796748373
-16.099851143989298
-15.92580084786833
-15.786378140442899
-16.198158171517154
2.7942900071013645
-16.124219697190654
-16.281314923988447
-15.768238722683655
-15.45577611067974
-15.470247260994384
3.1203845711889184
3.7500252367920437
3.3947254269690266
1.0475902131476742
1.94014460585715
1.3540628147936606
1.575726854393895
-17.27887656405238
1.4269754530590932
1.3663440951342052
0.9643747988053583
-0.2525114844507668
1.5176136480421007
1.103106506740039
1.3696836823142138
1.2789792641269055
0.6891049704436035
1.0073380702800243
1.909877018733951
1.0130806296666277
1.2107486718197793
0.6404346278446724
0.5157930982046685
0.9746412218096989
0.7629633997430502
0.7908079897206819
0.7638464145048117
0.9274221683368213
0.5346157748318349
0.5062093668199095
0.6784690316696298
0.8470829959271855
0.6230550056728994
0.6391978279401618
0.24223981051561363
0.6418261468708497
0.5436952604254359
0.7480374781274111
0.4438133231931249
0.39986683393383904
0.525034027394302
0.42148319825699415
0.8087994063066112
1.1381192115909535
1.0814256076680229
0.7687844893319566
-22.40219802493519
-0.21531773754398842
1.1284685155733176
1.6013879475750632
1.3050283836838452
0.9401677702889034
0.7705193704233988
0.707124390486197
1.0249336427731877
0.6677052267142173
1.2505997445922947
1.8783601340966045
1.5233981754991102
1.3146535616016177
0.9824587067564207
0.7428666260167901
0.6186265388925859
0.6593843493163731
0.9217931687515295
0.9059019278445021
1.141110002938244
1.0426188928617368
1.604338348581549
0.8743707923789702
0.8699975044561709
1.0534124142875458
0.6515065042608313
0.6478433290223302
0.7186722169485498
0.7186593094782774
0.8523950805498302
0.7838940216667012
0.8007340876973437
1.1420570613162468
1.0988402854916073
0.5430442498798586
0.754669002357476
0.5942108210325325
0.5804605912135626
0.47744447055792344
0.8747795028885215
0.9970472398135477
0.7442789582692999
1.0350891950933487
0.5482929586966956
0.8605445821368141
0.978024722522308
0.8847973976855715
0.6724858011752447
0.8535681704630486
0.8038681040770578
0.6072651254303048
1.4929327577418705
1.6462550600245398
0.5010267811823259
1.2291710086170076
1.2110119214322748
0.6847083736132514
0.6386069248409652
0.9573998027112577
0.6220842776993889
0.5078538703984797
0.8313418155974875
0.41088963647434157
1.02151122042205
0.44398452951780554
0.6051341948242309
0.37190124630199123
0.4429284112339582
0.48880074555219183
0.4510314164658498
0.41603411478610836
0.8553950274462556
0.5986704209831796
0.5366812021144524
0.46667362059848083
0.49432123213055534
0.45707455797039864
0.4917069602600423
0.3968346391883125
0.58376770819371
0.4918118675390438
0.47447915129416224
0.7999455717301128
0.4573358537914716
1.6512028954670177
0.5423236621188902
0.5194758780619221
0.48325679684221406
0.42253412221662595
0.3499009578213504
0.21018151585181066
0.4529502412600389
0.4122337442793809
0.407062613099812
2.1665832113376258
1.1810944869394053
0.44877077327389847
0.4262659282899683
0.48127331340395146
-0.0010552769638418908
0.5985327958949787
2.261298952122739
0.4510873783488385
0.4752111206147746
0.6620804978645306
0.5989133091952912
2.0612266771131025
1.5194154383189418
1.6367813799360627
0.7517175376189638
0.5895102492873081
0.49453981303796773
1.0997351583557908
-4.19237633624549
0.5248927767897862
1.10256075284381
0.7055718296401033
1.5560436607008095
1.5551331899389744
0.9066183039314196
0.46851298127716107
1.1972792539973232
4.289229005546321
3.364932085934663
0.5911714482165614
0.7732712376515115
0.5205543666697234
0.4524470574971585
0.460114780785729
0.555796738020675
0.28328737143095234
0.756164536315954
0.4932708976502406
0.5000862658065209
0.739252134243646
0.4251973850606953
1.4344810620235824
0.8062973767870318
0.6018241242253285
0.5559183820026713
0.7441363107197604
0.850451778818332
0.8993059078040908
0.4370047258899975
0.8051255605800116
0.6674763273507263
0.438847120722129
1.0715756820092575
0.42582247534808637
0.5001101226343033
0.22546817453039708
0.8131144110842043
0.3980381078256325
0.642226870625376
0.6393300215734453
0.6922605736015737
0.540702228552783
0.9279595873654145
1.2376159177058341
0.3813110548907691
-22.677842066751587
-22.621237578060892
-22.572087017463314
-22.661846603320704
-22.349486023154522
-22.63200004885594
-22.511073794530496
-22.481105534964136
-22.433001761535802
-22.632231900559532
-22.629299787845877
-22.577851691179806
-22.536748133914337
-22.711276631537412
-22.622469368510778
-22.62666742617885
-22.550335745347873
-22.66069356424941
-22.57575189270907
-22.57619353628821
-22.512015688866377
-22.650733150061633
-22.6079789589511
-22.667600575553045
-22.56649451120032
-22.59665650503503
-22.535523484630716
-22.660514462176295
-22.454532022426527
-22.49444406327274
0.6284380797677457
2.552066556490126
0.6011786511672744
0.5526001147992071
0.9072444585214241
0.5978235159516283
0.7641426698962912
-19.6118735972378
0.23817303350237864
1.1446844426492988
1.0317336267629968
0.5010941698915508
0.6411168142855262
0.4187507806685457
0.4283503488037428
0.6309126864671737
0.8039607239465152
0.4616340847139714
0.5521999857889354
0.6054186849163782
0.9281508958770115
1.7241573498381781
0.6306693724493263
0.6977164100011078
1.0808048471146061
0.5259998633530608
0.7852987223267643
0.4021255387332861
0.49595137637522485
0.8520103891740203
0.4999532106154506
0.5604188042051333
0.6908864453004624
1.145813372254382
0.48629117393494176
0.41174523601266155
0.48538150187665974
0.5364873173336371
0.46020026014330057
0.43453486026658256
0.4845908759468249
0.4699367456535403
0.4628767910268328
0.465411612030521
0.4628006022373778
0.5355877892002529
0.47217056938342544
0.5343325654864172
0.4283784479796908
0.5376350528771627
0.5649062147868841
0.4685599464807167
0.4471875885824336
0.5490541378193419
0.3511043440202869
0.5709505662918171
0.8484685791499432
0.4522186182687662
0.849488624761504
1.2089536931249638
3.113722183701076
0.5340483736948604
0.5147290913926145
1.1118250410622978
0.45111950471004797
0.44079635102217973
0.46125660541983393
0.43525941122901857
0.5396370980474774
0.7460559351593293
0.4980527058657516
0.4616199547913381
0.46427386666338244
0.6450430963569178
0.5055296774043211
1.6231094901959264
0.47644201515448337
0.5309987129204811
0.5368283502095181
0.39700718418093855
0.46360189435549143
0.44261339415442813
0.43574521487122786
0.4740264830589428
0.43074210332664725
0.4258563511603133
0.45054087254900194
0.4633147353397154
0.4164984364608927
0.4093281994428824
0.47253950559761876
0.44576763016648585
0.43308250581555885
0.36400391450193037
0.43721084159281803
0.5139460410897835
0.903376703472582
0.5486793028116238
0.4429506820705239
0.4560740026732413
0.36429314396944146
0.42876279091503766
0.43585547819401477
0.26249485425652846
0.472197204844825
0.42243486248785866
0.8004278521107321
0.5263316941327667
0.46431254281599027
1.2372799040923481
-16.789609818927932
4.51372461369799
0.5925996466171591
1.378102536232925
0.45109697234878293
0.4149939776621963
1.1847068250444452
-14.729775882015627
-15.530213216059739
1.1354326467170381
-15.842897289984757
-15.570326453725496
0.7848205715579528
0.50669174396826
-16.136934665834744
-16.081408502000905
4.1836469924905355
-16.431732441965075
0.904098897477814
1.040224247980455
0.5305043276962305
4.762146792391728
-15.1031164158293
4.6868268443130905
-16.192348233766026
-16.777087227130934
-16.792334874461094
1.3273716385729162
0.16020586969247821
0.4878920256975528
-16.617332385977104
0.5595726340765176
0.42901397059526986
-16.820676070832548
0.3782193339127596
0.4428859701802296
-15.312602355798088
4.828515149090451
-15.529126434125
1.2705464645893145
-16.54151013913978
0.49664653528811037
-14.686743098805366
0.18142775058001598
0.5162269159456256
0.5371867798831809
0.45817816643996606
1.385446857369609
0.5403639600724145
0.4463813359505668
-15.56324245090451
0.1968561506283833
-16.0268006820985
-16.644355305579992
-16.55941374426749
-16.362804279071174
-15.884929172712065
4.828824249549049
-16.167085231844737
4.149459310511324
4.49154260934805
0.43316803333910164
0.44110030644470083
1.0413725127126416
0.8652300473849044
-16.644089810321727
-15.638441479987566
-14.679466325720128
-16.31340807402217
0.3406560071565824
0.48690041301981357
0.48679455192552873
-16.73395966936546
0.3582138232356801
-16.50936157640939
-15.985858929531442
-15.891803642769654
-1.189002548928475
0.4807579077416023
0.5091744828654536
0.42048389648397005
0.4718420937690414
0.43962045340736217
0.4619149829348016
0.42969178501103394
0.4660245410083881
0.48419834351538227
0.46642707459298083
0.443268949823239
0.473409668091273
0.4419834244747927
0.41307848946250364
0.28522577617565714
0.23990318557953275
0.4196005720297472
0.4031147087812475
0.4239202196200602
0.41499237564206587
0.43998257880739544
0.18731639430920052
0.386587118764723
0.44739312329226105
0.7347671989003735
-0.27687702636585376
0.21454146778584146
0.15027212497261438
0.5115176102651671
0.4524142211079793
0.3981605222721943
0.328666952566949
0.387532380610722
0.45941366227467406
0.4506608278718431
0.42471379030743434
0.4183084025051685
0.3406763441065938
0.430267940541105
0.4037788708044419
0.9421441590429998
0.39244420370461675
0.3046972418526836
0.34707209738426487
0.3893608549965608
0.40353065334508137
0.4287149144708968
-22.41938444258107
0.5117300995654621
0.4421763269818591
0.29113351094723067
0.4246889688769999
0.9707347673571106
0.4527511449903223
0.40967138703168465
0.4791254127125034
0.4903529967533355
0.3431970773306115
0.5760743980473785
0.4378996995853177
0.3414024572339277
0.4400444897976182
0.42517736728324046
0.44911342016194356
0.3943128401338977
0.3523897823476001
0.6282450039519276
0.3681213812364609
3.325214632055846
-16.50423434637652
3.4971090249723615
-7.034814038990672
-15.929129759817075
-13.768209094073221
-16.97467596254415
-16.70145743915439
-8.582273506591704
-16.989446086141797
2.048626874950183
-8.846755612512812
-17.005090729109117
-1.054826611515116
0.35255144048896575
0.4531121733089366
0.4083856283552557
0.38175129192075796
0.3500647841294544
0.43895879588691017
0.372073021213218
0.4519041121270959
0.42947638973430086
0.4159189185566466
4.320539477009319
0.11753637471756437
5.319129051029189
3.9834668778139783
2.047373362052462
2.1887774622201226
1.8884484906775985
0.3826046282950336
1.0267191711759505
0.6213376198249513
2.651178785812508
-17.116658335388628
-16.51118719043169
3.406925966276073
-6.967561308306549
0.4168896717230364
0.49526119017437126
0.697317397099923
0.4516161901089843
-16.54243741334726
-0.06319138167506663
3.0358839928706427
0.5441577942007039
0.514208265506561
0.4794423861172491
0.46753182180722913
0.3599278094834837
0.4521296177042745
0.48550822321575055
0.46725407679874376
0.546959870096721
0.22500582213371195
0.43502874966587657
0.4326878626677932
-17.669503137350084
0.44325600910681273
0.4202920433978334
0.6602417102886593
0.9401290414830045
1.080293503825879
1.985732571387468
2.7803777617855636
2.89457839460591
1.2435101355583444
0.5876432574399483
-16.64280154472755
-17.78418876342517
-16.6021955157121
0.5211218493216705
0.5444429640687275
0.6513585463149628
1.826865452821068
-16.134857605135274
-16.78227902690072
-16.663236407409528
-15.920027647116122
-16.642278848235808
0.4553572181073894
0.8689274487354791
0.4243751975728314
0.6106250295891504
4.228885415087652
-15.814987871403495
-14.722510889345566
4.574057227485745
-15.663768282455699
-16.265409733489157
-16.11438977742857
4.108730280712459
-16.317246472599606
-16.595515634352132
-16.551091101974247
1.4610458058955833
4.511072650909425
0.6905371498780251
0.5343448303076829
0.48533362027340166
0.6616183082660028
0.6409477727380078
0.4708589525951369
0.43971168241565706
-16.16584100458026
-15.579361521346701
0.546675943995515
0.5149650605453555
0.43484336475861785
0.7358028293434264
-16.436025345590384
-16.252317908677792
3.2189433515291554
-16.004381639015342
-16.132307225689708
-15.900461145977179
-16.119691774170434
-16.271111109786357
3.390947761894406
-16.668569440889275
-16.765139519152545
-16.59647647437619
-16.195558821120194
2.649650064725019
3.506508061284368
-17.048045708370708
-15.425082658532988
-16.89751554051952
-17.169699877875544
2.2355075305559895
-15.30965477949712
-15.74988901340962
-16.540809027224782
-16.643270560373864
3.576275693554852
-16.741247332483532
2.763473909790324
1.1715223794625136
1.158846609304238
0.5363346323371002
1.4024853836579798
0.4849334174361375
0.9494123880830124
0.45823829963802987
2.206989031623636
1.970950435678145
1.1842353973239974
1.2771196360281787
1.091251804709455
0.521755437348489
1.329526379480137
0.9348122044900797
0.8744169284038926
1.55492310387227
1.6424084013369447
1.1485548719366392
1.2927373965581346
1.472540998680758
2.1448166394200947
1.4965131459335295
1.217570305976608
0.8978435817426987
1.4409993327872461
1.5808517712619679
1.6408924734659063
1.9366441395332585
1.3124050067365365
3.3869353157935933
1.853217965276699
2.0318498272266585
1.4895141963461915
3.4813072770900138
3.1384376679460275
1.4759826510316871
2.537328435937556
2.159288915887473
2.8955315189560076
3.2431117687986792
2.4160644503898085
3.8977888290534772
2.375544918446074
2.1817505106505726
2.552191585226176
1.4296342288288753
1.686655046144539
3.2613622396017186
2.8413016890154985
3.827229991071766
5.37652753706234
2.6231031269795353
3.204424574640065
4.4903627183991635
4.510702833904809
4.080180379008251
2.8345315327876133
2.247908984308447
2.313146800395496
2.5692494702980735
2.024733128052229
2.855192885661897
3.7109537053724817
-18.553543196354006
2.17963492425367
4.469329805692055
3.608908602284877
2.438501750899707
2.191199368533984
2.7169042753312467
2.6102070629017313
2.9720530684230337
3.205797191949362
3.1911126516190347
2.1114068954595484
-22.213590525100624
0.847292045394785
1.0026027585031998
6.485364666030986
2.8573904746343137
6.112449665069393
3.6662127042943853
4.634870667252475
1.7291499314140593
2.195583136125147
-20.51740865395631
-22.756740511523354
-22.634752508408493
2.5799029883477536
3.4277604890660367
2.9920028355776562
3.8430726317963164
3.4347941940327598
2.953575731456276
2.9444180234641646
-22.615357371220988
2.736174471407727
2.7983326178039882
-20.1401011167303
-20.496526262103686
3.8887507052649535
3.7451622450070428
4.284725361966138
3.9677361677040683
0.9197911513865993
0.9945363011260652
3.676159839003894
3.820630503331046
3.7466241162123985
-22.4478357505289
-20.699019290098295
4.17340808940391
2.6513581470185876
5.603282674374895
-21.313406520308718
-21.327440489788025
-20.58194557809664
-21.47005045319265
-20.674830794494188
-14.88622575240958
-22.464604051635696
3.7800291815863902
4.44376837220499
2.1147607790674563
2.6403690566888436
4.006090298889408
6.971770827531531
4.519604443671383
3.590097652335952
3.6396962254668335
4.021805251554926
-17.96909052639041
3.785221563714276
2.8936185688520286
4.117556478263202
3.15843530629987
2.520065295938616
3.4816028249441775
2.4023262639308447
4.150404246613176
3.228578137964053
4.378003291029586
3.534338602780929
3.8968071726543987
2.7990645821702955
2.8805347970103212
2.7999506369229064
3.9289287686869456
3.057094973274475
4.384487435234934
3.4602012699586036
3.155210760398869
3.2559682797052663
3.446525807414323
3.649970103302376
3.736490607737677
2.446968387103735
3.9224462595503513
4.615376904853514
3.816172842849481
2.8478400742610326
3.837569204346799
4.109869146666586
4.321679546903402
3.74529552110616
3.631906384168806
5.737658271828063
5.426627854120399
4.223347094512668
4.425031308845949
6.014730592767794
-0.9694677758266022
3.341700185432214
3.8813661963128236
3.612554992131913
4.294287446180942
3.190497671187367
5.699115527931166
4.418384427275969
4.523075264722101
3.8332017519631414
4.532553984481395
3.439810887211736
3.528069703694839
5.335370321365714
5.398432979082895
4.397238041915412
3.498593176675653
4.5411847535905645
3.8296280546776567
3.9629081956814525
3.5110967865246896
-13.861956905408036
5.470689690139558
-5.4735558810813325
4.109790276226068
4.466107719510783
-22.494318339281612
3.9858648536006527
-22.703857540256447
3.2266100344719866
5.04796085915344
4.310415936748202
3.4065082219590397
6.289280562933961
3.3690102609362653
-15.911883897721768
4.29395908355796
-16.299493952840567
4.787657895000449
-17.155491153630944
-16.80362097461728
3.46563890449495
-17.078624807973704
-22.54775437659025
-22.6716570838756
3.0245449984619963
3.7055167343318276
0.34617308834859434
3.9165727023465857
-16.639934437458713
3.622881700481803
-15.82196348232031
-10.807919657631905
4.181194415516348
-7.857793501892
3.520832065068196
-16.547936390337014
3.7286106056273103
3.394795507714151
-7.391834441451551
3.476929514254159
-22.671205207116074
5.093701674116959
3.870685530102925
4.520461565952346
2.9846435816933705
-3.6945657911337815
6.236390481127633
-16.541091167555916
-7.651797703742178
-7.993011109489542
0.5370960384756193
5.539216631155879
1.212247095503708
3.8845722816255503
-16.577752708108896
-5.009929088228281
1.1086960584008347
3.603694584250439
4.5886467674883855
-1.3507093713970693
-1.074004418437668
-15.059636738639739
-14.995180984599724
-14.54677041558093
-14.725548473626375
-22.611090504626432
-22.528976023752655
-14.398823173046111
-22.73421865885581
3.98172719665701
-22.68584599368357
-22.710666190418934
-22.682721688316928
-22.551365103473266
-22.68567022694482
-22.701891722281772
-22.68764507960942
-22.594152532120546
-22.67558972572287
-22.613095928016634
-22.692145746052265
-22.610456526411905
-22.576153886483773
-22.56225320931938
-22.587684791750377
3.4501036541718517
-6.93804118158753
-3.1408475895656642
-8.852041169597882
-17.10273443453676
-16.980731389913295
-17.05292872793807
-22.752868665581783
-22.460955904864605
-16.151161591072885
-17.229571593013077
-6.280821372833507
-16.964301138695728
-22.554848249210252
4.846097258781389
-15.643305276186927
-14.193993987347119
-16.456808253980334
-5.929333540625033
-6.828748109868818
3.832631427446987
-5.376201549230311
-16.655704266679766
-22.20661046601335
0.5904922192345272
-22.418695567874448
-16.867594191135638
-17.12138876581854
-17.12362082319127
-16.998244345234497
-17.184138493186897
-16.87376436633865
-16.8470263584786
3.2205745706492084
-5.344358426181773
-14.336480873035061
-15.421668716490267
5.107574441162267
-22.55447064300874
-22.55845523854759
-16.074501502359073
-16.85920291282402
-16.96889358867869
-16.19266844539179
4.130274260246118
4.47205472053588
-15.820013162708944
3.312706433703507
1.5698165322442743
-22.388749808950557
-17.181080320258936
-22.557574521899223
-22.556331615782447
-1.7938901965708929
-16.62860538222889
-21.584767552137375
-16.838394198791846
-16.55956805460652
-15.931475005401506
-15.253293368306423
-6.98770254054332
-22.465488446765477
-16.162309621632097
-15.67431407266193
-0.9513253625995562
-15.411313397278388
-16.10596287176343
-15.862993993846906
1.7181531223688096
-22.424420168866714
-22.62751764935917
-15.614954073766867
-15.81744281823105
-15.589931977272032
-22.50823429052035
-22.62323660676347
-15.432547425409991
-15.39077471823037
-22.55399216983716
0.27321025945163957
-16.90840851917863
-16.8306157185932
-22.47894877319369
-22.42447658657034
-22.640165506584776
-22.602466482861175
-22.43809576436877
-17.004685132885957
-16.86959669009182
-22.44182846002446
-22.297968472580116
-22.60267882521947
1.536504769487485
-16.74172588898076
-17.114991781489717
-5.016007983323627
-22.29606384902199
-22.578956148064798
0.18023773726158293
-22.340267482274108
0.40328395554750907
-6.274239698893502
-22.569291018240982
0.704220937063281
-22.526643215616545
0.4706823813849154
-17.114620361516874
0.4287742149863053
-22.00781977602841
-16.293437134034107
-10.054702571994742
-16.35073278110888
-16.742226883067026
-22.319824787040552
-20.765497173862315
-22.46769471316205
-22.824364683876432
-16.84761168228337
-16.27313306810459
-16.546492647204133
-16.086520263837443
3.505576996831404
-16.165419361664192
-16.11868707081343
-16.249790885789523
-16.408825568020344
-16.43674668924676
-16.982617311401498
-2.3129676495624825
-22.35623872763417
-22.45265003664295
0.4702107322447864
2.72779820735589
0.44509831593929944
-15.875416564209594
-21.974350240401094
-16.552462398870986
-22.563250902129546
-22.516220329304538
-22.557341378788152
-17.233698682112827
-16.755451840927204
-17.823509633127188
-18.31923645169867
1.0853437572486226
-22.49059730343687
0.41811325020924506
-22.37644520880943
-17.29432887493902
-17.0794589042796
-17.087385557886627
-17.231007074730265
2.594180467871302
-16.08710153969129