488,584 281,412 577,272 780,441 1105,571 1012,291 814,135 1223,108 563,430 1169,411 979,121 545,100 86,167 118,619 289,654 330,222 755,288 669,678 283,54 935,527 
488,584 563,430 
563,430 577,272 
577,272 755,288 
755,288 780,441 
780,441 669,678 
488,584 669,678 
488,584 289,654 
289,654 118,619 
118,619 86,167 
86,167 281,412 
281,412 289,654 
281,412 577,272 
86,167 330,222 
330,222 545,100 
545,100 814,135 
814,135 755,288 
283,54 330,222 
283,54 86,167 
780,441 1012,291 
1012,291 979,121 
979,121 1223,108 
1223,108 1169,411 
1012,291 1169,411 
1169,411 1105,571 
1105,571 935,527 
935,527 669,678 
