415.48147925464644
302.7404273616605
418.15932539059054
286.78743378622664
53.170652743213715
441.5305136375626
-14.130359680831388
239.68531363466877
59.99202527725697
-22.598118885017104
-16.105158008969493
59.09718517172337
39.20228573307063
-16.496033919867546
245.52126923173665
156.94640523003207
6.282035103870754
-16.16416024736232
109.28794438686637
15.744018608712487
1.5960938001275053
17.268581912202972
-11.360163613574377
212.85165031295685
70.71576909151342
-2.514167630026737
84.40285218952432
-1.3976622328162236
-3.927030643622075
21.089914012534738
205.1344749492241
11.306233460853509
4.533018760946058
59.92430610098772
23.67732412349847
10.193162608802314
-22.57224595695734
10.81190326314833
-14.509752603077231
-15.470017287641781
-0.7915751338766732
-12.862193322612182
-22.581308856176005
54.03186219712804
349.3270153928068
-7.4239474828706875
16.230602309306462
239.9983424306247
329.7977151375976
270.1190819773906
-1.3406485498944956
-6.572425534079475
2.020354217112061
0.3257625639273005
72.63546127390528
5.858832668943538
18.394553911785287
76.25150747130314
17.395895587636346
24.521073283900805
40.06907899639672
18.956875003957077
75.14469720449713
31.847247695840075
6.506876787808206
47.24170364160011
9.526026737921768
53.72677208822634
72.02111322972509
11.414329864660896
133.48141390148135
40.264093911349775
15.384909528096529
17.610513266325
45.573648687866
15.491675594366267
-3.0189132304324087
110.94921307704513
12.030765801015825
-12.281788466804556
-12.013820133374796
8.406964854482148
-2.686095474484891
423.4926094655991
5.12688462073605
58.36260665636925
127.88917201843526
-4.338023941516879
60.77473124341833
10.85256091025142
73.15737498541674
35.530530907074635
178.5079694784979
428.19548802434485
17.640860324655975
9.872353211489004
6.5693831947474886
303.5545810710424
451.1257141236431
1.9027648755245679
4.282865931822194
-2.8293033345142824
-13.396516084541878
425.05864270319876
335.7632003331391
282.7804712357356
-22.054721424496833
-21.38927599308557
408.0314472545583
421.0460945419791
116.3680259337657
225.75859108726354
234.46212047270765
300.9376919311633
345.1966915809313
187.9069563203421
14.038718288083878
414.6401164794614
251.692401324398
425.33822595268
389.16995914685396
427.8663090257031
414.4696671772533
448.91574626988836
428.65192297290434
442.87987704757853
433.66731498774715
442.7939800332188
170.82317570806873
280.44888635296957
441.01307187347857
-10.589268041650453
386.47172137963116
453.23871476089124
25.93902815681696
264.9214588826932
54.53133515805006
23.23596637539152
405.7888236015042
419.74381458310535
369.89094559923393
143.36316463367808
439.80255478491387
156.0275276518696
429.64218095471375
207.3331769705481
-10.524863662703172
398.2044127454146
189.16073835450743
23.0955485010412
17.980995236337183
15.532710122752519
-13.518813413646484
79.83691225349904
86.65206316336658
17.402139258748946
56.54148120539057
-10.096077660984463
74.0534509207474
-11.231913602103791
-22.49206547100594
75.9302675501671
411.63475251774486
189.61106570923494
297.43442153206803
335.08840175146537
-22.48407719604505
185.63591602780085
277.7193721275926
-22.5047465045419
422.2801084707512
413.97667735168005
296.6120642553072
414.4776127013367
329.9802535374463
380.5343007637933
6.268482784819277
15.652158504757619
-10.232555786983832
-12.539615269954831
382.8382750028504
337.4766864897708
408.8136062005312
129.4996238372392
390.80037476136874
4.3568018649684
-22.546060354901684
123.53885878082778
-22.60073542791274
39.57866995304082
-22.55249882933166
370.5194613658733
320.006479821504
128.21457484263846
-22.681175389332076
365.78914391678074
1.2216594584451812
413.5769281932877
70.80556485030844
278.6855876593128
405.26513666251157
108.64383295781225
38.489024873011644
176.6844918405745
334.3350856348343
177.16648177674412
38.21805395146211
445.49822785527346
439.9126050344689
260.43727625875886
256.0646257104745
333.23042202491723
247.07024994237554
240.53322889238595
231.82122753560796
232.7495522855719
272.96585458891593
271.93879104891084
43.49455656494533
268.13285999662344
1.8973354486314973
147.05168035743964
-5.866189799275663
-0.2809231347272164
393.8645573600753
11.771885401859869
183.3631933319146
450.98923503551924
318.08394888216674
180.9876874765057
386.9249620102213
5.281530421396091
384.4394814204195
80.57617876136725
384.28174953573705
389.67267819502626
283.43533517465494
390.482920834388
217.88370809137157
35.85708877693282
15.575197463399839
433.60943727040626
256.8903007936404
419.9667942832029
425.7408097835105
242.06214899798564
418.2476637746327
432.0716582451165
143.79066430320674
3.7172638460463983
147.3488720463713
17.07095532175567
6.285791644023529
122.76227746791307
16.464285945395638
30.856592312554504
15.25942832008996
48.53097932441368
-7.034538978623846
214.97221420902343
51.389215954716036
57.583062504107744
33.07047528477176
432.01495724937655
417.2762390441429
127.14303367876067
430.7232937209639
441.42489342744153
426.2322120860252
421.4229012346682
430.34784374339716
194.40859604492294
442.18220600635146
-3.731993399540581
6.709217218625884
295.01072021470196
337.7730071136642
56.13157246831888
170.7513989356872
449.6009063111328
28.439716033726935
5.144245492782858
407.09043300378653
324.1267069189449
410.13680608273717
414.23837873971127
431.9331467224824
446.82618768823625
466.96724169702674
194.34372923615572
441.38283186571806
86.78465194017355
103.83452959854405
438.8353794256449
61.301257597702644
434.46273390544957
455.4093352007833
446.37123140538233
299.2584197143647
447.6394259950436
345.5723673558184
390.81297042999836
349.703898480649
387.6066371133443
433.1282187002732
451.55753447976383
443.72696970941627
450.3293004981016
263.3376161864101
417.45919839567284
381.89596907240815
437.31676994659006
446.04620873307846
387.7702178711626
430.94623690954836
432.8681685199524
228.87631723885252
415.9033204074849
447.0075111857189
55.205352468854855
408.2488195120303
418.7212121256921
359.00505983895084
-1.2916064970360868
329.7770898575653
430.92039226050014
117.63588032957425
392.94222013828
360.1187443208663
53.004130778063505
75.42872756649973
163.49095882675203
248.42746290709
45.395676439932615
127.26617735346821
396.1894133438181
352.24634120783037
415.56680299522316
231.12450781075822
427.2528950706522
428.2206316324406
277.37315139738547
470.1818874599205
463.72572777092125
452.3326625462042
402.4293638429873
415.51339041117507
419.1144321256247
460.655666430258
354.1257271567185
363.7990252337157
234.84458386103296
427.81886961005796
94.57925021415701
434.2030126557624
0.8561585132082321
425.77233235498267
-14.439159822314977
437.0241453442375
418.8517576735012
422.4859135880205
421.63190063253376
438.930493469204
461.5064831250111
63.41466670498252
133.696809673359
-14.501697033113905
-14.794192048178779
-15.09301556656758
435.3876488002538
438.87527653248355
441.05531365356495
200.3691847084794
427.14128522908857
262.8796399558943
432.3160730113308
430.6131661578897
387.787796964426
258.8400026912342
424.6932431676413
411.06848013723146
394.1331874535158
-11.808642821974226
439.3247390678492
-13.57446312121219
-12.485628253171841
442.1502401841018
432.64745379573105
461.8889965232876
420.17593326473235
461.13535315970586
377.0788732112861
143.933796832583
441.8260960851691
439.2755529174665
358.15823552383324
-13.41522531347142
446.0788421483007
425.44203294467263
413.16589296784997
378.0527581918306
410.50466619482444
374.32304869044475
455.37566847671394
166.3311997485934
413.5503570141222
-11.557582744148043
-15.504076190508076
-15.760829905205302
-2.333019815153545
394.8168228011463
198.77759973078633
406.53740309066086
-11.677125574466254
366.7364764281578
7.4958424988157155
58.47496937908065
413.38296194227536
413.9623852125903
387.95554948749725
409.29073976005117
431.10314470990835
372.5710410567705
432.9877359959185
14.460102253903933
432.82097555688847
422.2833198073705
414.18674342532455
430.414853420256
156.86579408535025
338.9980372788286
447.273254516669
438.6230621362891
440.03255063969726
430.7052684900894
448.91387006096375
-12.437022184862032
-11.966504982731408
448.6481998762688
447.55301285200653
451.6977346041468
439.3351487594545
458.73873334069054
156.259998735153
55.739791318270875
33.27574343144067
35.93564476091995
7.1394640619821
45.27412983427692
443.21373462680987
-16.75317427417305
11.788378697339041
-4.621287083251616
-15.61557121967607
447.4530554424623
439.26394550893036
418.5887957459787
50.371675252321694
452.53739331131186
455.9584603765682
306.7966098859873
-14.418055500172908
439.5334040741639
73.52421152061224
451.5381833108862
458.5627085800005
428.7569915693866
452.3715784934892
453.9407804570926
332.414997116824
148.6387208759454
180.05545156502723
23.122103233254613
-13.33518911232551
294.5835788238214
423.3394394520985
344.1010759365648
404.15928956592745
405.3036494142249
421.5511108274427
253.2011043855945
444.94110184987386
289.24997269831766
452.9644199850692
258.13892647541735
433.6119149360778
-12.331775102802863
449.9959712597339
348.2264211203373
442.88059787466295
320.3002359631998
1.4063914565487459
16.225944776333044
-16.01215702858236
415.99518899492983
437.63870461217726
450.9554520291487
440.3946691772408
445.45585940325907
453.9080616533229
457.66342073307754
436.98518615297473
447.63640850956546
210.53917388172613
12.759396298478045
37.97723146549531
-13.812351670298309
401.67288209048576
466.12056177653204
464.6016043587791
461.8650843274196
461.7654242146546
442.7864815627006
445.92462471414865
362.6142087881747
404.6572307395389
429.8163020160795
189.19010972188585
81.55683488913961
-2.161144205978328
429.680473372481
135.3383660601046
431.3048561118674
13.672334567202462
329.64368642822564
86.37346411473563
94.88185817025433
53.47285117482808
419.01205616078124
317.570582357189
447.86410770802536
421.8370477376613
428.52289440152543
313.4655152480635
354.89512635604535
356.9366997400356
429.1794720112426
303.50691218536093
-13.571612651480569
-13.81202200598187
351.92432851344347
22.579283246649645
45.056933320330245
-16.06052371604575
74.47551869491735
38.61379926724566
63.64499961817265
-14.005280344386895
443.47449144555463
176.18605045863652
457.0080467894392
178.60757903029278
85.97903520763414
48.81754528152281
410.52132924907704
294.2165030542926
390.102093321362
353.27898431634407
330.7054235203226
438.1713436422266
69.82397067814735
412.69073090719775
461.5718372652795
185.00737723879683
343.7198355670373
37.708568698035336
15.545156688110687
426.1189553678085
453.54825277749035
435.3486678184569
54.39075817922751
233.84191773883833
51.647242414189705
57.0578109503256
5.673020947476235
-15.319653588930764
-15.132154297282298
75.0147504100849
-15.522651266124514
82.34143048639096
134.45102595131596
382.9345938098663
290.2549454749574
438.64243047760584
439.7577491924035
426.2183091926807
66.26384117594358
410.9967913483033
440.50217519682815
407.9802809652928
326.4002612518485
39.45601073776351
388.0678952597126
75.14376057567308
140.6075971243692
66.02576293152737
186.632451019995
174.91150915278996
150.79932339648568
395.019383578163
31.10987924204933
68.12532356238448
427.75015274884345
442.4065811595458
453.2178394490049
276.87103186223254
341.5075928641095
393.0332307035848
430.1235322863178
455.0699354862222
197.13983132530254
35.109564072555145
81.0360986926837
412.5261358786151
441.36922303234866
423.1884765921443
447.9878551321129
450.66243647714793
448.48531356218126
35.06074657269981
128.35612219063773
442.9282433194156
427.97508556676405
31.936254966454378
408.15993303066676
431.3208997563818
448.3295322895333
415.6620253270435
369.45343681218804
418.19771840095854
401.54866102493236
414.1854176751574
376.23364456220133
322.8551218110496
428.23773231606697
424.4027293234535
295.52163917729604
246.94267952867514
421.78421735484403
418.6587136146692
451.2396499260798
431.06453969307404
442.7250108068222
447.9820796142519
79.78841116297077
39.659076148099366
451.37853519775933
40.365810405049075
9.635963266726625
70.35967025084794
423.4797977878285
424.8512176142881
405.975293000453
438.2951963477135
361.07700368067697
432.87006205918055
435.67055427230724
444.86915305212614
450.88263646456267
446.1223375319243
447.39191920054793
434.75394366285934
441.4691812186241
458.81539374179306
437.9941353010469
37.9881015579038
394.79520032925393
450.4018838347892
427.66775484861597
400.43014114911676
422.1335761215257
358.62248671866786
457.4590830831727
425.45459907994666
434.20885301270744
425.28110083337964
438.99972712115107
454.3720946839551
455.0329116386308
452.96661609271507
407.53592694314983
405.0058144394871
5.90974628966385
437.6591269471678
430.81621942979086
419.9726672390467
415.8099467191597
447.19207065569697
462.5298945311374
201.05534319889546
14.616663499093718
437.19138573449845
424.18474834216624
437.4052315181843
74.83166950997895
438.8138377158775
227.2090349066456
452.72293126789066
460.0688853786224
455.39485866031384
229.2512851106073
444.47102984004545
460.1251363204453
165.6719293916292
346.8274006116126
442.23837196750435
95.60910037938422
418.3774085169674
404.80994817483287
244.41897339211238
441.37072325892575
89.51652905557555
157.77054348049228
421.62379094636447
446.54232168142664
457.5755517087347
438.8953053402669
336.63737798638135
192.12575436700882
420.89616337572863
395.15187481913307
415.4895507788161
456.95723579688206
435.1615945523778
442.5114641324579
416.16311777689396
121.02268042590549
456.7761764889558
463.7374127879905
86.18092761401329
374.2907779499888
232.66683873796467
434.9584067153202
317.4224669733181
438.1524437953846
428.7219299070008
433.61326227157315
457.4383688032459
445.19266039204257
394.5595043791402
386.409338247935
427.6599837693373
415.1596952400174
319.2924360434081
426.31306678486857
441.29970481165583
432.0328362974493
371.442571510305
248.90507115658454
225.22274867055148
436.90650208405987
457.5500488954584
430.99055067070003
448.79646243885156
459.9477978950573
458.378260435472
460.9545865441759
452.6012002501554
463.21752400034
315.5373995805117
11.747290291604081
58.71965935736232
437.08883043577276
391.9897687013756
433.03617193108437
422.8448340547682
436.62162668311265
454.5976371744077
447.14221935944096
448.762340980457
408.8807814610933
465.2653688798083
419.8891534196734
459.4635995527738
454.7778142179002
258.20020758519
-5.353448088044923
395.39116704193907
108.96057406432595
455.73478943071683
461.2339907963873
425.415855147938
18.32394753951497
448.4257709902261
427.0411801676319
447.93325362453857
455.6673381682999
437.4897762262358
117.94021950390598
411.4711037935184
435.12291655259986
461.5643707039952
408.97329364716353
448.2813378949009
417.97498625970474
424.5000710379581
398.40079207455443
433.14620283847717
459.98992139807007
461.1845389658411
443.1764956918889
443.0272805025346
427.5252317999966
443.7371726216408
322.84572312304044
438.92695575060117
454.3025893393456
453.16652911415366
442.8644032252893
461.64730076044134
433.23695821770355
389.98769063676735
31.1430353800555
37.42532213413714
443.2915306104422
405.8545330881475
422.9735349387095
48.20452721673581
177.99453605277336
408.1457158767846
302.2362507047918
-14.571033741898006
441.00743678130306
443.7048513169884
464.32087480086744
287.5553821676506
449.79880480757186
446.1688213661645
439.605566300869
89.49854202628134
30.812892314526778
442.92902190631287
442.1653725781977
433.9322658379243
438.5921783675552
419.2405622052702
443.76580773366516
456.75552533023557
404.94103203506273
462.1984880264203
430.4857545244346
446.09414571230946
463.7260456240275
437.7562339773443
217.77591972678238
272.12393420814976
425.6845468578935
38.813709839880474
4.889437419642999
5.322448088925746
446.824035940071
454.2478421266311
449.49442814681265
445.0659123904076
429.89169121944246
431.84365201595426
455.78523646496404
453.41911167725254
459.712748792496
453.7161195191476
-15.69092656224966
325.33894899931204
409.6278381093608
236.24871579155325
421.220225776424
443.80341192489533
435.22434306411924
427.8585168855588
459.97415606966297
328.5445198151866
429.38670585602193
297.6772728289309
249.64115389665955
453.76033072301084
404.08869084439334
224.58481282951433
447.24198909500234
422.92472810123036
450.4698085955613
431.42330828569334
178.58634600904253
226.25689607731167
205.2845946949323
55.763871063391385
144.1475503181749
-14.459747423099147
47.68373463097212
20.4370565042893
124.29502208704085
51.79814443413085
18.61824416824515
434.25850216669176
451.04163916026806
441.84901455998437
447.8936599499484
215.48187429736387
443.23822993716607
427.14006908655836
458.3475224975015
410.2205649343803
85.51339538073378
271.0814104958276
455.2507504417233
427.17933621484036
400.9701734442678
441.90560770637455
431.29167668306167
458.48761189654135
436.56599946044884
263.1477367835939
-16.51033608889911
31.346992275224764
444.61834603124856
461.7465102685128
445.64076978234783
445.0716993271675
462.89786734731337
383.49926890660663
425.58398348187404
42.14092969250678
429.3853449633122
450.3603845734398
407.9038523819546
420.06639765176504
439.1331747796801
85.37111135690742
459.1801373855935
447.106159281532
455.8298233002888
443.52588546966194
435.0864158770176
454.0632748351096
459.0224980390205
444.590986674471
455.26718997229136
439.7287095573247
464.36687431408956
419.0619417820672
290.31515545916227
458.5592503290706
439.23473580029275
154.29649561127027
436.99028218305773
451.5192873158554
451.31632683856617
465.3311793597208
449.8980398417678
434.17962826934126
422.46501627671387
449.5348373645544
434.5258756628301
448.4238851192097
284.3862967021432
450.9939501067996
446.15672311306
426.84949687076937
462.3648804068565
460.1335725416971
420.9879765128925
428.60907352568705
438.38098048831023
272.38822388313883
-13.57583339060346
411.76944634853135
242.87812198160748
-16.047126206868224
31.130059036076062
39.34445549881458
441.1585919089284
93.00305268064471
433.6047045260667
431.5861195644074
462.1550243211786
157.3623761320379
458.9253702663647
463.0936157125069
437.5550603071434
454.9067768638631
460.0405031721328
450.57374033322594
438.3618818340036
457.3062572522627
405.2267285402402
124.6773542092873
426.91884656342205
183.69810850598995
433.3820008596116
429.3328840952218
453.57881101305287
451.8114490922292
312.23984954776034
446.1877684847349
437.11051772591145
461.1648422001799
454.89711304098364
436.2997504769928
440.4485569810205
406.5472141695519
179.6261337912414
433.24924525982806
220.32995246566006
427.8161761691338
363.2590127289295
33.86210228948131
10.18775555855698
78.23292508943213
458.52771371447375
450.22030456804566
446.6985704781115
261.621704872234
446.8340331048105
459.32551468590896
394.8764685421851
455.45310956459906
419.7322095236182
437.292504825443
232.12164132267569
436.3731914368106
365.2947518013915
33.1618414738112
374.8559612310926
415.73376796164445
432.7527843681805
217.50752791830234
452.12560079210334
437.4430979498692
424.03262652999825
451.16201887294653
407.1570720732709
399.01461243930794
420.3925655027562
378.2927313989764
231.13906586225156
276.06272113386126
101.71706924382185
-15.387106432533926
409.76817685464357
84.79920036709969
444.5377278261482
450.81147267882034
445.834539690117
449.0488830716411
430.4562121289306
455.3460114776757
301.4453720406988
260.44198131474855
281.6561431951092
41.32002481781611
35.35466686680915
18.165241115266358
251.20715698678623
4.9477762000097165
416.44037628505623
415.58375652422524
236.36784838589034
422.95812123613223
11.556213879810436
433.31439531783263
464.13990297154584
408.43197920749583
411.0042630616872
410.025429892736
228.3995282518632
450.78790568824604
444.1665969158444
452.2348426348749
435.7024560229398
439.629420488884
410.51318317396937
412.2095641870929
95.43132936486933
409.7257613845534
460.61853297833596
434.80680556399284
448.66039979703896
449.1998415543892
457.83512704796584
443.61212357922057
407.7252234140867
388.2888102030339
455.17158451662465
464.8238518540727
429.2479613512225
419.4465123070545
236.91128019283218
162.16935887419845
443.0135521424544
425.68819295645426
353.6030713472035
463.6684612614976
427.5577386122082
460.96019137741126
397.24130261091716
428.05749930728155
415.4126891498897
453.70561086155317
205.62551552439731
5.381877090838223
3.495935184677439
-8.474759823031722
442.27505920489625
435.0750804461274
458.8243897632328
421.9771407135162
264.30370919875304
411.39434954684305
449.58849364290296
425.4690608726011
424.0209995231794
452.1122096244163
410.3380558392074
421.04361041360096
439.90849103140664
400.30965121989465
424.0021316419078
365.2521996014401
424.68987043826536
424.45229612893866
43.58264751604531
108.66354724208512
52.460319013939966
431.8436898768973
3.4080676595080193
111.80465805554394
431.42322030042607
427.159306429608
424.54928809749094
410.368932978001
408.8242931209803
451.47377822054113
195.45438665617547
421.6098291023041
272.76882875067656
453.7082424318658
420.6751354128155
456.96798179827124
436.893062019517
154.77254088953464
162.38329215285182
441.93532394860193
449.0886640664604
361.3036660009291
415.8296421538459
466.42920331375467
438.9933190744056
331.5984024269382
373.60797676380804
436.2483010680013
429.961039974259
432.7960540030797
448.5600922218793
447.3017593276301
454.25090639513064
431.99169482953346
426.6839784438829
404.37905936482554
390.8518398134874
448.58863426115124
428.35295865044003
145.90220843859845
61.67258791827493
48.57229591235517
39.67913426354859
22.435266010377156
9.702232447296378
241.0605014031331
458.651035929208
148.70742427506713
5.036878214538103
99.45294645356134
383.2716967604922
99.2746221004592
444.1264949234526
445.43262249217435
451.3935885573924
454.22323868114086
443.3150113373001
443.89650507806414
441.4224392939177
443.91410275773865
443.68947867871987
412.59900256958275
450.31366798506843
450.6241299035913
265.5934277842111
15.247733857565454
426.3838010282152
57.15629875464572
63.91287405216033
293.27424432860806
448.6364359267056
414.40529774500266
33.852246620522614
424.7062467411592
336.0988918717669
447.0602619258596
264.96039497310915
9.805120969169668
438.82947290344373
178.36856071865228
419.65108184128997
421.28212802345894
418.3802838646405
217.94240890650286
-16.323490312427282
249.81808111943468
207.61438883637052
419.4039215907653
416.44542438232236
429.14368868514896
456.82588368995323
445.73291049791703
456.3697566244999
435.92384369220997
279.3599436287748
452.22711165610286
431.25100823076235
446.96821820679634
458.9509493503306
305.8056502083772
387.49881751719454
138.9898773707615
405.24554856218896
411.22463530974255
447.58370948510037
429.3007545340889
400.90311790272597
452.7141394722296
449.63383800900647
446.3896711015205
413.76364619495143
403.9509784325958
296.3614501879282
415.9350791353815
69.78100149883166
-14.350721781717407
-15.637714300718574
33.950592122111075
-15.883208808965154
230.7116476952831
433.1548495518996
455.6279320694009
459.17316099882123
-13.544741610040266
131.1495253134933
455.0729888160096
429.16923426333403
447.0585185955796
455.35484098653
397.0649485887753
453.15663644731046
440.0762148669859
446.75312606576415
442.9292941058013
443.56840640831985
439.67828297471004
195.5854021516608
447.6800664827062
441.023825391829
-16.367039935966332
417.830407448709
436.87346371920904
442.7542954778936
420.2091748589112
7.013090064790504
309.226191089087
303.20855799949493
312.43210662524234
413.7197484734654
422.8624671365486
450.7072453923888
379.84428953420786
66.90087826049992
453.95409459677006
91.15823404553865