-21
-13.744102781959135
-15.71376270433267
-16.45623641785648
-16.969871060219077
-16.60223239713245
-16.63467792921596
-16.868294943405523
-16.415711320903565
-16.570906645589403
-16.274412746164533
-16.13169261770116
-16.603022778067324
-16.786891642345324
-16.19130945417616
-16.234538669255045
-15.877230445510811
-16.14279487974114
-16.53190878076686
-17.36295246794323
-16.525774814883867
-15.764749247219829
-16.164513653715453
-16.302451883130605
-20.41249272570513
-16.545626088705326
-16.871876324216522
-16.568752485990522
-16.90137792330649
-16.505320971879694
-16.545143182463114
-16.942387412885825
-16.702394183788037
-16.167326991842852
-16.333610954662163
-16.056840976132285
-16.418181645373505
-16.855715390510028
-16.47469380348921
-16.527353383335804
-16.757291191518306
-16.613110520541667
-16.67212949236234
-15.942312861217392
-17.01422076450454
-16.747803024152915
-16.59514029165109
-9.92165965716044
-2.915014424489609
-15.534194960296155
-15.793094714813762
-15.5813692454497
-15.838898389471902
-16.380724453826744
-16.178506886694166
-16.12872212174866
-16.24140309545729
-16.177181527151
-16.037402888205317
-15.714685017367204
-15.549257864389155
-14.982958666086198
-14.118979211946325
-14.732369126942423
-14.789542342921099
-15.746720760100416
-15.763231596450009
-16.332901546491517
-16.653671478860907
-16.58155967950821
-16.727867571843994
-16.847452379332648
-16.871297329299978
-16.602050234907203
-16.796286714706156
-17.0180938154459
-16.690409577025306
-16.487177801993155
-16.71921390748686
-16.58204228967428
-17.051771836744415
-17.260220179756484
-17.012635480297938
-17.224172237118083
-17.143886126147375
-17.182135217371915
-17.079383785294162
-17.095296413352095
-17.13715972279509
-16.987191296633746
-17.05576796963811
-16.77370972977744
-16.868044252908895
-16.36309483655625
-16.839792460368738
-16.75675423004561
-16.404916269795763
-16.599225474496684
-16.483995741142166
-16.31433748510149
-16.390693413068853
-16.20000070070227
-16.629386113153565
-16.779602682689827
-16.592646602408752
-16.5789058838288
-16.85484390038583
-16.806301843590205
-16.7591917405857
-17.084807781394986
-16.460442822410002
-16.448353772362072
-16.78766235348251
-17.08233616873622
-16.32862828079197
-15.555047986441188
-15.67200152301126
-16.29105302863651
-16.414951947033405
-16.31135583481855
-16.18475515562627
-16.310293006814188
-15.905892136742672
-15.939597739660078
-16.057431844638455
-16.216001804504128
4.096297448392534
-0.5579809189538203
17.839416464681488
-17.365236067348825
15.57875273316639
-16.52227751737667
-20.89994758049647
-21.95821732346217
-21.21563835534453
-21.072349977884024
-8.5943055179053
-20.093297618203692
-20.19047459097456
-8.928827199110561
11.176826131631948
6.386148788627709
-11.598595214615266
-8.22785850105683
-5.881194170269694
4.57530646022409
5.392210474822066
-4.400751226991407
6.165783579127651
12.382839733242193
1.3422395416823991
15.880532604723431
26.736043784654225
2.6998239289667443
-7.351180721758762
-15.17572045548911
11.61471048169875
8.697274731397583
-6.266680264592164
8.235568049724748
-9.46735006653932
-10.14997834368878
-3.8508990042302784
-11.219359549133308
9.847259646294873
1.504530736282906
-12.029108601182696
-2.352441692070837
-12.135739011961967
-10.345197419038694
46.65304813451228
11.136576507119686
10.80230059674303
5.6458380867209605
1.0869076928860673
12.529543823734352
2.3454276516636483
10.326336707714333
2.4325032532736794
-9.424898191834481
4.475131565579947
4.0873333257966635
5.895113892666202
26.10690745013449
-11.60818619241152
-11.59176637990813
10.044008937814176
5.838945704134776
19.89039118609638
-7.762280751326845
13.036094293059907
-12.691791883556368
-6.555472392990358
9.925639963968184
-6.8820499726219335
23.975075896574538
7.106312612538969
21.28085213121568
-2.641827224714884
0.9867544646072748
19.640479976910555
7.482430223417917
8.634266049221159
-12.886474876826009
1.831582748033945
2.654946276067033
1.4322823685357946
-4.0450958289433565
3.4094145624538363
3.3057230526407686
24.79230573331402
2.6500730809402775
6.977099729865795
2.402668629470803
27.564384870035866
-16.476799322394854
-3.3702306960556285
21.482031774951306
25.012864544625515
8.822339221723455
-12.553812114073175
14.681077077517141
0.3711591469645768
1.4811523998040215
-12.370867146256895
0.3340943575439105
0.3823276173004591
-18.87510663433953
9.883950094934164
-0.5024104326499526
10.075268446717883
0.850082830729378
0.4161095957528468
5.078208145188802
18.929054123974502
15.58038007293808
-4.26383686163938
-11.189128099854617
-6.0519463157951865
2.0383204176650658
1.9901647348851101
0.8579672093188435
0.8863534506915289
2.8405521336574826
21.110843129400553
-4.187456867149288
17.81243322859122
10.326533356589376
-8.764515313454755
-8.861820669766939
-7.0994747561961455
20.509513488238003
4.418017175139136
0.5084273031618842
11.709341066393598
-6.300276883221333
-11.061918846689995
2.159054258640207
13.802101791332934
-7.874875302880183
6.626598444639773
-12.249093422910383
4.462363355656081
4.172792600175569
-7.364976418277846
9.718600029500807
17.062760296056673
0.5667567909823568
1.5981523804627482
-3.02885845125717
6.283529635277954
1.9849911884264095
5.23786956774587
-5.458225407292433
6.767637398821614
-4.184639046629275
2.7361523063175044
4.728951633641328
-11.261666057540307
6.3413551401365496
-1.5219795280049127
-10.531947469122706
-8.84602084960703
-8.669568742083188
-9.376453067469917
-9.485918959130844
-11.516933170333505
-13.790822842341333
-11.794620185434821
-9.10948385627733
-5.647631330940458
-6.2556271946496445
-11.591112805055248
-10.423838562594517
-10.28934511011839
-8.33867388872968
-11.363852447082987
-17.301563126955912
-5.584682685550719
-6.381025783699804
-12.90659613896327
-13.067878152519468
-9.576312181116805
1.4625457451144825
-0.699597681598533
-22.444640998078718
-6.533501852694487
3.8165484327558055
-8.306604895422854
-10.716411152333025
-13.113452218828183
10.36778945766846
-0.5528863850459551
12.82344005435548
-4.786208689502541
28.46495391629042
3.226140102875721
20.674429990021356
-20.852630117709438
-22.407973849594583
-10.43110140328606
-7.81584555434684
-8.936792893482583
-11.068955674124258
-17.58656689662569
-8.185038619796435
-9.699375329498206
-17.57805029306478
-11.972906079354384
-6.86970213516884
-17.48368709112207
5.273143900105538
8.239534250707223
-1.2779026481918816
-12.797549550986954
-11.560188929842575
-10.687949782593797
-13.40626577801671
3.770695263089448
3.918680587495755
-11.342461288984438
-11.31094197862055
19.852942997627057
1.0972174240590782
38.46662312465218
12.405513453905357
4.812662317961472
-17.48763280916545
-4.680084467063335
9.51563053608528
0.6374764015111651
6.530511446998399
-6.68351534704802
-3.330718916389678
-0.17558378969128105
2.836056216939024
-10.194373555223558
-13.771276554362645
-8.247833692466223
34.884545003915484
-21.119352083779873
-22.33594387351804
17.093457811854755
-21.284913254390155
4.308573792901303
-14.640814528230173
23.07140313700195
-21.089132892760965
-21.03889834819899
-21.839826770646706
-21.048141204665104
-19.84788683590624
-21.3187022583286
-22.845179349525104
-20.032940094934567
-22.87041391548349
-6.365703893555542
-11.747177837438057
16.023505034690906
63.861747845501746
14.312865716206572
-18.159997513785108
-11.901282280147083
-9.002944207174087
12.940618565383286
-21.66113849203123
-1.479540948430279
-6.601676053719398
-16.50091203061822
13.757708830300846
33.59353526643788
20.572221347532405
13.611504116754165
8.30367721567121
3.104373445170599
20.8265652400156
12.153385945859075
-2.330520246172508
21.257955006764153
-5.224533860180111
-3.9000364896092137
0.5460632328465888
17.71933900365312
34.62112681305904
5.276939748922981
-3.0219424203303085
24.529742190035503
-2.819536931652987
-6.061231635242697
-6.170572247905866
13.306152838389037
-4.599864668611023
17.928322471953095
-13.385311119395023
8.509354313400053
-10.109914558129176
3.0067525452901016
14.510589652029601
-11.287929268141589
-3.99986944594648
-7.140092463685409
10.413822010450897
2.4948279619117457
59.772261280532604
-9.067601164013144
28.329774870846016
31.037460766577915
3.9661161555431477
7.70989351699969
-6.583256828655797
5.3836560257797075
-10.782124656288161
-4.176122960123749
13.432545875612256
-6.7512240092919935
0.44173954302733875
38.49678525136163
-7.697412779819221
30.853370827591213
-22.04447594621116
18.166675373959006
-8.764858152917688
-11.248493207004335
46.760615861634406
-10.176324466126662
-1.8785901189322303
-7.760786052207768
9.439679273532548
-3.5385984594043727
-10.597206645275985
7.508704434115016
38.97308004203527
0.7243149906396795
41.796295409259365
17.146542452966216
6.056073175879373
31.659351468707563
26.394802813888035
30.172105944680656
21.26411087481319
4.452792681472161
4.031341136058575
-22.330543699409823
6.090640020094361
82.80948304330056
-2.7322593033413085
38.148164839020176
-6.205027501536746
5.0109959253354255
-10.883352070429254
0.6403403162236782
27.962852687457506
65.24873577819284
-11.36319710940785
-4.910445956952042
24.062404734662383
-0.9083629513084368
41.70508022510965
42.20688496600727
-13.42757219370951
-10.632434961232871
-11.706666912436484
-11.773771090466116
21.404715972835838
14.149015598115826
25.6100854205382
-2.3075463345431615
3.30717145159014
9.534419926274563
46.05851226740069
3.6817685670678983
16.764703728799702
-5.916816345644902
-10.335472254648808
-5.842735900674841
75.52247598993488
53.458246799007895
19.34777201333151
32.532306889801895
23.341226576036952
26.20113563370007
-3.638588146343824
10.608790177446298
10.172268401408294
58.939826204205104
1.6326147885570954
8.691329379358432
26.172881423225427
-22.620611425859444
60.8095364348248
64.63365254163627
25.346939497059402
14.575118427960614
15.444967711446631
7.71162580335929
60.61065135299582
35.99798198707899
8.761969017395977
33.64073859112874
51.459010770968426
7.988376938095925
8.534198706701797
39.612003149685805
104.53288475468075
30.94598046723586
30.304178621614962
15.570445581040476
18.720012347510256
-2.1482614233469057
25.74147026445437
16.460601851418254
22.544671793248966
21.362010786198063
66.17996247189465
89.9922726242978
20.677156346088147
44.04219416595922
-22.567760883674854
89.74532463508972
-2.4139220741242178
29.32537488098032
23.820514014019558
11.30312144059649
21.862676241794397
26.00230934167155
107.61405040018174
3.9391851852006567
89.55139640687749
12.18344000498539
37.694226774663576
25.482646703881603
6.24372585969129
-22.532872667801048
-0.6434959359835197
18.268730003813882
56.918116787555306
20.235470312820176
30.0978671357769
-6.218959465684348
28.352780700763457
16.05128980232709
36.948715603746855
40.37733347760884
6.414096129360692
98.32870702524494
125.54045066293527
61.705567421917685
113.23012414140472
183.64210393433888
41.279382703901994
232.78846495168673
85.15173042112868
36.017577023268565
70.11252488092168
-0.9838424670535373
60.12837844171219
84.03068356489501
16.273604035490052
12.738186714060367
35.44036720191359
23.499316735195467
4.844836868032626
27.42714494882694
25.84915293591444
29.428888695697182
-2.321790908727383
11.373228788881288
114.64610384020806
39.621406501340566
27.9301660083502
7.567201666061667
73.18816076507503
31.606281226597734
-4.2771289251844
15.497378367953837
18.39959015702044
28.532457316352303
30.2258128539079
81.74735817099302
19.92713854592091
24.630431382068295
5.963722303777924
29.336679235585052
46.8659342402924
18.12386731526494
33.77036095492048
14.191641081770257
24.437552128973923
12.94937781103286
41.87692380408041
27.14870254479844
2.599176300701167
3.661963954438768
35.203960283089046
39.19608680339321
26.24910953968434
32.03352013176602
21.330089922156596
19.543173500048784
22.477888005700216
16.664809588459207
40.41373960932459
28.531430260042384
10.904451948102146
2.434028943183116
25.56080092869317
-5.648722487997684
114.00288784312255
19.827747684365043
72.23437839498331
24.951226462548956
25.452553357795672
88.0790594592633
-0.3928636671234571
32.481381165163384
8.241707461750352
-0.13064828393194006
9.892643525895139
-2.012912100876367
20.781508394418488
0.3819998063424386
7.417963505537983
97.82595366981292
34.26046535806436
113.16578538686788
-6.866478638162214
34.169879877225355
20.77916285821854
19.512958202250246
12.249672540754148
37.655235728389684
41.89795584911938
-1.7726938445746676
31.376462053750934
22.698493543060376
44.32441686487114
29.972851637732234
10.128659432237606
26.809266759900606
128.61989502799184
24.998680869153713
44.44405661069608
15.66956449582259
24.020906502857812
55.306110832034165
13.315920704948475
61.1737095908845
25.22706837773324
2.9550134610459047
35.01049360532233
5.474572344266715
39.233405568416835
26.13744279732969
8.94317213444246
30.051694460708255
20.035357903109595
9.631514671886979
71.98046504071957
30.894857243936027
118.95465206528709
44.53656643185601
16.28652264920375
33.83994060845189
6.987082272999835
17.10777026812403
84.03769646160158
-1.7973189937074956
2.9703916787504956
45.31225186318652
68.12633307521922
19.838947178101815
2.3723447201467103
102.97636035379196
77.6552671938125
32.59373381621308
32.84362723888077
30.41912342696439
20.514470417631163
30.071464772155213
1.351666867236412
15.072433449952449
-2.7689683670892027
101.45835949220206
1.819376479476474
1.0652342130455947
30.041574975620232
4.965827866701606
58.412426793528105
71.4272087537296
40.09652630205616
-1.466223102890794
22.427791271173295
29.626308389202766
27.44311865675286
49.30611505362958
142.95342140855843
21.908679920400658
23.07207321818798
6.1385124465293925
49.349054963326296
2.1711188487302984
23.356912746432723
31.313913401081937
105.41092879380766
-3.519766590250864
16.557947716441117
5.864269437531625
68.30875471233756
31.580055174282826
25.52727616132961
74.51969312006915
44.44964871881943
218.0522642451384
46.85124427814447
67.72888011158761
-0.8916944250659
28.685596788563085
-10.939830798230242
139.57800420860985
31.12826438580884
50.04881373501692
116.2639433351876
51.321714899453305
45.54622467375461
54.38057018042715
44.24688371214022
39.574788200022454
99.54371034687543
30.71482208600504
45.806904571778276
37.145272060351246
8.400150570655033
8.052607308631575
34.27371378573738
16.390927397723413
-4.789531679690711
101.36552248437363
162.87333417677453
-22.781898494469623
3.6538675162796252
33.4544001524109
67.94431378468336
-22.79515072994306
45.0374456902421
7.60390374999243
91.46169551295415
43.60176258958127
48.69851064824165
125.60147989346196
75.41808504828136
-22.818770591846356
-22.825196004442873
-1.033381870349256
-4.715357067128025
116.06846961622986
113.01233416853582
157.48653705685837
46.64248869566122
17.998500345253298
43.59965917199186
16.702920099066368
-22.79861889197595
125.13446384298476
166.22264213547766
-22.728903270377053
5.284600014545853
126.625421519003
-3.6396518998146057
32.898097919575044
125.34686756406902
-1.2205208670066447
38.88287373044424
-9.822873885624935
36.809056065670326
-22.804841478364335
3.9016863120513072
12.716327312068202
8.042541040433782
27.623445649162775
10.68219126510952
-2.6190742518901793
-11.035489588609998
34.07510315386075
152.19651484190842
44.6058410599828
-0.15287822969754572
-1.6964548847211773
109.69574044599965
130.30898382168363
-22.816555201500655
11.523117613000412
34.168911725856056
0.056731247062487
29.591263431340437
69.43685671986472
24.764007929262185
-10.584873404141929
34.76070698282122
66.87960662810502
70.74943011460371
32.41394159784014
46.22608616634709
-9.85092731630305
88.69869262220149
-5.535542110757692
29.75858191707524
18.812423749281322
72.38256366760034
25.548129040212395
18.6369072079493
9.818549145615762
45.589801301088585
40.726063566664884
16.856883493158563
42.52422508074176
104.86439629160076
0.47325420556550196
-0.3825027820633551
94.00165293512454
58.429360974894614
81.93496985349967
46.53369351122321
10.727462152872654
101.64805390871145
123.01812197439624
83.51383350881272
58.53041569082969
86.22503335867955
72.25239264945189
40.00941469110383
71.52281008285001
67.8964368118561
33.691207081924716
39.53777595694199
43.735360844145205
94.36773243752117
27.298531028754162
164.59053669237144
17.908934709250936
300.18665237812286
90.43958590873744
17.79425114281144
6.210232269836801
132.58994491519047
46.265239778230566
48.58765004311337
156.3553790439426
89.30980834893221
40.93009907629095
13.444231086158084
19.726484663758043
153.40708863736606
138.87670399413338
12.870058918139186
-2.0266267761290067
140.57013183049108
100.40298434322919
121.45143447231581
18.328397590542817
14.384888127836913
73.29197359446023
17.447410299758964
41.731775650127084
6.730131190697353
44.56064282488825
113.55788857436183
21.82480238974094
21.817986892561116
39.60813510690796
25.849499777625
6.201365004612338
13.21215797881284
18.67585160729875
50.109998477382774
37.584277938644085
78.3110320996013
118.46498992164763
18.80619525544142
184.95010666290673
193.47365563075482
114.04667398242239
120.84246441302531
-6.432552398337258
-1.5789484607113706
16.23683671290344
25.99959796713459
46.20443481869168
27.806119269529972
17.704568722810016
88.27740750027527
70.27191775198118
27.383932118448925
55.25455792077716
78.75568070022267
163.34036185135116
118.42796154588459
215.73205715201632
149.24411173495818
160.3087298556764
98.59691791213223
99.86331179888381
8.097180533955488
-8.55353513353401
19.28050404573149
83.86497272643614
6.986494209716724
58.7984208006381
30.25875127562218
51.19769638375772
16.608819321544626
131.28948510777457
68.96148438008461
216.70757560572562
159.61211985568366
125.10868756255178
39.11259766854014
8.780929451293424
49.749953771144135
14.277544709513915
4.115952736422629
170.8440804906686
33.09623306967153
18.54620071781344
358.18020330925145
8.330682427008139
141.70304208858806
79.31431505647303
11.201288035783495
41.1955519127879
8.146423307667163
8.408499547949237
5.070206744112895
22.92207679932316
25.341476610026447
108.20561565497673
133.55651017276114
116.68406272986202
-4.559502318289546
54.69892581862123
-4.426524445467514
7.615261251998735
59.54215195849042
-5.867167915119068
24.653823601024037
106.6411509103676
31.988007751969803
-6.913271158143051
216.45037206150425
120.76329790668194
350.124842258917
232.811245783531
37.95420245766639
5.527120119548504
-8.455948128716813
55.1555085441735
26.091647530982446
16.29539705591399
-4.485077872027958
156.858384360936
25.226288495658167
301.4444531700429
77.82180330032776
14.288527623753474
2.655490489933218
39.71121374731262
198.29963272363608
-6.872861378474369
180.63151530669134
19.459243996640062
30.85756947478658
10.455078639811871
98.39518885781305
221.66414325996402
6.244068467249463
64.72093299070994
47.05969662086832
143.5308047356208
64.68995441811613
-5.211429183946715
55.774008649753206
0.8458909521169105
95.5676543569002
-4.394461336050531
79.77375100648652
35.31579814393983
71.08271774234538
-3.0195989209413563
21.744929138081222
123.51502477427654
217.62051841001056
203.59690483374732
23.95906780046888
133.28694786889847
31.168120478987696
22.51249828622405
49.90171245762045
32.81596903612381
2.108719096789752
-0.7952180902096977
137.6840562921928
0.5580499423560141
-4.967430819686914
249.76280316253505
48.52525754306715
29.646400798303823
44.210716096911156
98.71566442571041
97.72015840586192
21.89912527981565
27.206291948225775
128.67333101918962
64.19195473498769
64.66579830749167
40.18276437540849
218.7598954782022
69.59309377383524
66.4511134578172
186.90687248106795
71.8041984987259
70.26718290678497
15.653579968232258
43.58043261941935
61.31383130154674
14.888962660623921
194.4010466293527
74.83071589556006
47.11698720997572
48.5284584787157
45.235033405075484
142.8625901609659
41.57101269961729
59.42494369747159
70.3921212935456
49.34179780292841
26.878010608481027
45.287362880044526
37.92779782630008
18.28052045825455
29.63721552377939
43.87612821181614
60.26786207866667
23.361448488696045
134.35066775639018
52.127531075990866
139.38579609401523
30.105037076466623
19.78037883712186
94.94973213328255
7.926852610243699
20.82939632816573
27.234442000748313
4.574960693651563
-13.436672532379616
78.66955764982436
70.28062930520048
156.37115227435697
301.7644162988034
153.42703967879217
26.660603693177293
201.12021792785993
144.76353968450758
359.54376274457906
52.389530511067974
106.47085078040426
246.13236230864794
356.6553696242372
20.16567813759048
66.74919553106695
152.62843022743863
233.76895103770494
162.09316224118075
40.35125461760494
33.986699838889976
86.85269295307002
96.48277977089089
49.38730455733007
0.5038653987480516
358.6190432083276
165.3132727626429
82.27059840000665
84.72147240169186
56.241679288480015
57.89842174304856
120.4292433162199
171.47753066740438
139.90124371627968
122.3571161599954
162.79606788039877
168.16355468528138
74.17322512100144
44.81767631885741
133.05122227740284
189.61809885310788
53.71020544596348
107.14736838829188
206.93041931366258
167.47566873963007
39.41289196815092
44.20826605817676
446.53128134097653
91.09364382151101
138.5628374303215
117.5147479764488
439.53225460598867
305.7500313736896
406.1513927181727
290.7019847441051
153.97182787982956
73.20607345721292
28.466235016112506
422.0855375106365
410.3184703087476
231.91774524784088
263.1575307078163
394.9973533890479
146.5960975505743
36.43353844414156
49.972277919020954
98.10140175203486
223.1822691068848
150.32998290355005
198.3416909785569
392.8092243928876
19.698004030303835
227.56523757941198
152.21297669875952
244.54282825251423
68.39126445217266
59.7633161721362
380.7146521785193
140.61977465967337
313.8127849454615
-9.175892084570807
179.42206024393437
214.33085049976344
428.91868333859406
434.2395868915319
419.4747192597521
419.6223278062708
339.47513275302117
142.6028574600882
12.579932224353195
114.1073524957564
423.21074383483995
282.21202827657265
126.44760170666711
70.46415527761977
100.10739767360685
16.783576594298204
99.92481833608613
178.82477712505394
223.14530454443565
285.40727354264925
308.30822275906803
64.48111279116736
455.1615797004435
229.1411499825782
187.18653262684745
309.166147547
313.737267496056
198.42860294972857
212.4584171910915
94.32417366032801
291.86674023452736
216.83708033218977
361.0939870680703
47.26153030387228
91.89987632903787
191.23635929945445
85.25639263540506
140.36259865774048
249.33664986123642
45.919724890013555
404.6277792456581
213.25742785238558
117.07351643877888
140.60162042074734
117.80269082642265
360.81363423546156
325.53877175920536
435.8018514986171
-4.865454588638414
176.25143246405653
419.59057143068975
97.81345748151342
227.27174722934762
192.45250742582812
61.683318704101765
406.24730496916504
306.3217290673653
244.44915274327002
419.8505112360583
437.3792706249819
438.5613040217095
432.3254055667586
320.190558899194
386.8522017418179
48.719947910606884
281.13514373537566
344.0483519174821
150.34698508424893
351.8084027046462
307.5964961513711
200.76802445752753
302.46350981528565
84.41210335754687
245.3844730813967
0.10532152103052894
42.172447314606764
239.41600795613397
72.43571350296338
32.48166737712094
9.429796284519966
216.89727094006204
421.2105923423005
441.3006929064128
364.6115717631578
255.83123153199756
124.97022135143476
296.75224825412033
422.3755799170666
427.13063233355683
205.4786464959383
281.14293674518666
426.91290957401196
424.0938258100218
428.11883148026135
212.28688077620336
390.9956094894641
431.8973030383057
413.24386537154516
394.1201583241092
416.95432836751144
416.7303074878123
213.9344432230128
441.6231009696424
429.3363293099569
414.6804135255185
282.7091877531674
418.7793796013792
353.86863139986997
401.0848960666193
213.68046480606003
439.48947865017584
275.83198296896285
51.56067938562897
296.1259432412022
340.6343090309534
320.14716081791454
52.27307297249636
451.9872159639001
229.33321925479504
428.8242889955474
319.96201092994875
387.4098227722943
190.8694164703124
301.75866480631964
281.8733169830508
430.6181405328214
414.708350599077
440.49325008276435
275.4528639530473
450.79577977789774
436.3432553109858
417.28513177889914
404.7622195376787
314.89928069656094
348.8577619388037
416.1072148592108
431.68816810634405
75.49366718838611
120.84144042432308
74.84652917451328
420.46308856682646
218.06848074018959
451.19535840875574
414.4440979696645
281.0908584561447
433.2153748934468
401.4672002631757
308.04866457781856
403.8419716362821
254.861452688045
81.2037922324571
110.84601967414221
295.1053886470861
221.98302520046633
105.37539402556088
272.6252589043644
271.7343748119639
409.0654985515608
402.56129686190025
224.5568759956459
222.87498274215397
422.72974797142876
40.168560150514054
327.45239108835653
385.34992170532547
412.4468251109123
182.03986336506074
208.401098194619
288.27124822571875
65.06708075794907
421.3223016382588
406.0586196382178
130.1642917161352
308.2618890351057
335.1388538419207
368.48982013525233
163.04406293938558
415.1514561499655
348.45137166996795
235.3771621643669
384.2164267707202
337.50855228225385
395.26445994362234
422.4154718953702
287.7090081157121
427.8525980985496
383.3801266341242
219.5704423525433
22.665623385012147
314.7694572236637
410.2131314859125
174.77358068039018
392.35214157657487
345.6504288569755
437.5286992259655
249.24923743820852
441.9728941711121
161.50833735903103
189.33083430101473
83.12250716282261
116.59068814012738
445.44309487263365
285.6366056880686
89.40997648124892
97.36265673731762
40.15174609932635
109.46278582357701
-1.362376748455894
-7.2851878479123116
48.21447828796174
182.01147187295885
442.5842771126827
436.2975464503964
431.919602719297
443.07150446229514
447.49373544237676
444.6015773152643
414.38666561053856
441.210147921592
437.704299477968
423.14230210423466
388.98213112831115
169.49096051656537
-5.905796116458047
342.3881713545654
341.34574594106937
50.90208248029154
412.73470627605917
410.9097710661094
440.7097796095908
374.12496147066355
212.53678396082586
376.42305538478826
384.0553291121456
426.3209797172083
436.8566220587989
412.3070852316088
92.37840131303001
336.04371578373855
412.2577511954307
423.0401330710782
379.5559817692141
414.77280571972335
370.8072904811965
268.6548284415073
437.7007284416424
304.02691620472405
449.28136516047846
101.10537027789485
347.27782863027517
457.56975890874867
31.453860790762608
37.99169073008827
362.04458267913924
100.76432442138591
67.85592947786053
368.3684287682672
405.97340442193877
182.01505839536588
219.31200456168918
86.7259701259931
90.72936353650358
419.7142157451312
430.40869843473035
427.4801843719184
411.1259554763635
405.82196686239706
443.3637348840303
201.72898451444178
430.71473132131825
367.8238460763296
290.934481811838
211.78353745803238
409.79793723432556
401.0400486767955
413.1851139126221
381.6661402828495
311.6595447324382
415.77204419286716
202.16382856047818
447.9109683586822
431.620632696963
427.5754241593348
400.6929717046188
75.31849731168815
400.9110398459765
448.28183367540436
428.96512785941366
449.79525371654165
443.73880226014387
126.03339356044928
264.41702909744447
395.81263940976726
422.5062501050035
352.1448040131728
76.88799591441949
463.9051958399349
454.8119946446684
448.5705396548907
352.7103671515981
338.91224920057584
231.35231667603057
441.0097352030542
124.41248103592133
91.70729414289197
55.30440856774649
8.018672524624403
240.64746155091456
429.9426416225069
366.2237589234776
430.3043263071113
58.338159234639676
405.0510925170117
159.7498464946118
405.83359507833916
439.15575494079127
407.7204540209803
415.75041994897856
289.8271466679705
44.659697566496014
262.5802089544137
58.27966384367812
206.87324655170244
118.5240675160951
394.621756455236
439.1141817997561
344.3399077739318
223.85046298383008
183.92556604236364
186.0794356930587
198.94822733278076
426.6868496087028
451.06638275543844
444.78235763544836
416.57996905696064
199.74221834548646
435.99901529490944
400.45184596810077
423.194337166465
411.48550293826395
443.0154650160339
430.84355993383457
447.4134070462982
348.7032536599371
324.73241163667706
448.9805491596129
166.16554621173276
434.1244599015183
80.8851571690374
417.8754768136806
335.26036775992975
414.720912416329
403.7363345796366
422.6079415353636
439.76698640515406
432.3556229315698
420.6506216176019
424.9480723331372
103.84350648640925
448.01279767788117
324.9326244796316
418.8347063526014
404.66137719303373
456.15207420166996
426.3699554058247
431.27183252112735
420.4975325834254
394.04709499806165
440.5450226224959
447.90787258139915
109.1924783695572
258.97909780439403
99.91132346643343
47.517814628796444
96.92445438262487
46.31153579079442
453.0261823326018
311.8123573438327
6.569645613531275
281.1758803703719
425.23572136784594
319.6501403478119
425.04969842900834
434.49974418916634
433.48681500974624
381.0530103989906
410.4136862038076
429.9110002865063
411.50225378491814
418.9676538042724
104.28129501178861
406.13700560784997
431.2799362233447
247.71327318208085
438.0558906864292
412.5368182003333
148.84235803138878
24.764053135911624
375.738678754982
245.3511421077947
229.40802848170202
255.67696139405177
174.52719435019625
323.5827680486441
421.7993358357085
366.3582894607054
188.04106489779218
153.97861506990262
405.5279495395886
124.66694349348546
422.43156676607003
206.82901639696627
399.6364655415217
289.7675719320443
244.03208004403444
418.4114044911166
219.80363939329982
197.21364768202108
134.39577879917292
418.3413691488239
426.43990172296765
425.47630284594163
253.730453844236
274.76227922156454
418.65552263196975
176.1701907047298
458.4971742124359
434.73039363622667
438.6071391287777
444.79289770022035
404.2604245793158
431.0921823734873
433.27502110597163
458.8596427440974
434.8194775107503
416.2770621159838
437.43887810561387
249.8501445636981
442.21635582139095
300.6338988024328
398.6316156800422
377.19257423723735
412.52347015223563
396.6344917981989
378.05253429409527
163.66838129667772
432.8307142019106
159.76588153991435
430.53502572519915
418.44990759468743
450.3798447413577
429.4389845205347
453.2262256080078
453.5945194907652
456.77173966334925
443.1360861867004
427.7524782121347
389.3002544080714
399.3636814673576
441.44689978972076
438.0098212533361
452.11723509010346
443.894415490528
448.1351561832759
407.40222224738864
406.7743423027131
266.6725077709059
430.86509190294476
449.8179288503197
185.9645744254854
304.2316532696287
149.8153420785566
340.3824612876607
452.5592918451627
433.46589101271496
432.32526205033065
415.9953701898621
454.13578228549824
436.7726269604431
434.777365090847
422.397206169996
431.4288772818777
227.5445967980557
434.907338099281
418.3133464765383
137.37812216076588
345.0361858059963
196.38689891646305
404.0259682926536
282.0081281354361
90.22609839611584
255.71513054529828
137.97317341072693
451.1860714514057
357.89311214867564
214.25094874264465
423.0938285745681
401.4265448812313
415.87266418990157
429.5195899800128
456.31208716356093
441.4901621778144
450.9479272801015
432.6815337951813
420.2904913341668
405.3446537123289
186.7902025812202
429.2823058955868
448.54448339717254
407.1136199688415
431.3565144103766
468.0872464127673
457.0120189774699
407.62155439934793
432.24747025893794
167.50684766040908
128.3850755220983
16.21944461464882
125.6427930645479
147.08562958391175
414.9159040012128
451.67639323964715
421.80869668250284
442.183026738233
439.6676932835248
211.52889523357152
375.87491601354543
314.19990113685526
416.8998745458987
253.50882143151432
423.8298414902058
424.83933814012346
191.67473040219812
452.2971562119656
409.78176278654075
315.895492903971
409.30032906423014
412.3162589118547
455.6359871979886
389.3088583033946
159.12285332265824
308.9035695977509
409.42004449468516
343.63987796101304
438.8254877512653
347.0007722855939
453.06289863881136
392.7296945629186
52.43859548921718
111.40568974445263
79.20404317776362
240.0889778163367
409.56862884657255
418.5967020241254
147.88068211378322
414.42078707334065
430.09151390746234
444.2046480917931
438.6619612925582
126.12912432327866
17.345583971788475
267.2375199025207
403.9166321373317
438.9597881073422
237.63750427840486
90.04295652374623
405.23314239493675
452.27107484925125
415.85275175258516
433.88290814795425
450.4792633083463
232.76090344617762
115.87543102883632
324.3497099887166
438.04011916259924
441.66009313868153
440.21914407382405
449.90465514666505
115.7736724292073
56.22588951804572
431.74789321454034
427.1822281431655
426.6776387799117
435.4326981540687
428.90710403399333
112.20327917519543
425.0266392879354
433.6247160018153
326.81778621420267
201.2897124090294
329.7555800561772
432.138417778992
78.83859090753728
384.4985201268726
201.7926564405693
106.18393284395336
243.2208568787078
432.01512561778225
433.85714073088434
437.34053714177674
250.3725614488125
15.67255785552993
-5.946788840591914
8.39633029883106
56.35251080875592
397.3747597626017
429.38256925187176
70.45451479845576
430.102679624988
429.41816366248656
462.8845863816142
205.28971676597993
420.74912693056797
431.97275592552296
420.8696025343074
225.4431170352135
455.32740107789635
452.62916295558216
385.49336639348
460.0727633504073
448.34262020534936
458.2921597211891
193.211021147271
320.77517608003484
454.11586279233296
437.6121465969582
449.8513533058597
446.9847182575862
426.7988278153539
77.5925856029325
431.29771938469673
191.4989030456874
441.66606285858484
438.06134937160544
186.2799223944876
158.11554943674142
30.49544086666571
309.6144718427128
192.8635998755197
217.4236758987771
450.11858291516705
413.7313270722826
436.0023614073793
441.462290860696
450.52233114878334
244.68116250836187
-10.92053790771299
-12.078690502709813
-11.257560806804234
-11.155327144033379
-4.136454770598144
59.97129319737357
413.30533315161864
458.2755738262666
427.6277960032721
317.8533327993585
33.58703498951263
50.336935971793196
439.50704650345773
438.12678223667876
335.34489086127945
132.02289026212355
437.37558141610685
403.2997922966547
392.7992210154566
454.924690184676
448.3849120317896
467.450477034284
457.7359708266126
155.87385875781376
-12.014270437955856
260.74092896406853
41.33700664608015
418.0807434705893
455.2769726625085
461.201334730188
82.74218579683038
142.79550722494722
453.2411420492331
451.07405467881097
436.48213210178744
217.4121437380049
428.79967779197625
258.66471176544826
170.30695891221367
413.4604058990545
449.20561968351404
420.44173941983115
464.02164305696886
448.79456268467834
455.1045509743691
453.44269327087534
314.0555835286611
425.5950487273435
451.78937315646147
420.6698612337145
445.60471816178824
450.0416210607522
419.4170772435599
426.55772828082246
417.93254827959674
444.9548824118243
460.2540315186315
430.67382059961557
417.79296233470245
94.16619921808444
437.5946687757803
426.3765199277467
443.4485409701864
231.44509723815654
-12.495998411294487
438.87736046297687
302.7108427021735
446.0854021278852
458.7912538887726
436.79449362918734
21.803326227400056
354.56248005910044
321.3993358798159
425.97818240821357
365.365944179578
39.22764673618807
77.73679332998063
437.1873381951782
446.1608759563499
431.29848186476363
360.05784413294657
436.8347011546459
217.05018073065412
54.30712996012634
24.235255937013356
206.24516295416487
85.03775447923277
423.56856817023623
438.0761499746144
446.2632771866852
263.89665701230365
453.5158743787474
430.75121927213337
434.34357894930577
416.92836486074657
448.5753123454584
441.40735832010705
464.64772531410057
166.62475246161222
237.24466117540996
465.0621614280343
224.77801105351912
426.0685023819076
442.31325624658
459.7748930590683
449.48980149128374
449.4536611107985
448.80488044397697
447.96451765762436
447.52770014825796
457.26269299811787
446.0626967172159
320.385981280903
29.921671744270462
35.15690707282887
74.0030306890607
459.5393666726351
399.41384846770103
434.89304888351097
445.87299595192076
431.5896091742152
405.2666774763002
351.4502310850057
411.2008545806673
430.22449517779876
423.4147332975931
467.99253570680816
438.8736490695841
460.38297151039046
435.96454248529346
419.3515260094404
426.44392810458936
440.6585458364586
420.9262978502777
370.47224496391084
175.6042899179227
43.82709620422787
17.233294526139893
65.22529608350663
445.65341637601455
285.35545677350626
421.98188299891024
229.33670883422099
438.75117098396026
408.80797708118956
446.3736897303329
422.68675545808344
415.8829791579644
418.5422859342562
422.3049718267388
447.02431686884825
458.5627839098705
447.027083662947
381.51482499519983
77.7704743885166
453.61656162927545
134.5838012504081
442.22468508864443
386.9497314211229
458.96003293297355
431.6694138129718
429.9735029912657
56.148098658422626
104.59654535724057
11.918065579003766
88.99655280503961
78.03458632810248
437.99475189288455
432.6238372338149
415.4813973053462
391.68508189173207
70.60147722870111
432.76010042660766
-9.940430819855795
419.4774550319546
452.42610306360655
449.0998977001177
447.01573919422094
454.8811030667192
457.986115943657
156.5887925120195
439.3449287397497
436.0187057776087
443.6766111478375
417.45148833110926
76.36720302248996
126.49981017210419
142.41795145572888
248.04562087479565
428.03745903487004
268.5051391381688
441.3329940898948
443.565344562663
422.7525422977408
403.3046469123
52.296920965049
397.5857919519626
415.1242214166456
448.01376997921204
428.42114040854904
430.3943001955714
448.8916106394264
447.5024583596322
456.2980442617668
445.7390139055086
453.72456656071876
450.21403559909925
459.4269814222389
303.355514988088
393.6380455711236
369.33794352029264
442.2921099494977
402.7983567934504
262.5436924952931
438.3258878179722
446.6575150521762
389.13386313150323
431.4668191909865
436.0853321306904
315.2682386673167
386.4300236636807
397.5358364784064
446.5347719012035
428.6688251572052
19.860487137065604
-10.214323604539452
67.78732965958699
134.28228061937207
329.5731430727289
-10.791156395922103
373.9165643195544
427.7379628841248
432.391573735103
428.3411062918355
434.55229980342915
417.88542138830655
-11.040448977451355
-8.624770606714817
-9.508141052027545
32.19524014698134
463.6868310314086
448.6245809537172
440.80402984975115
143.5131958715369
126.04460792725118
126.01066826263235
427.18566290825606
435.8998780277868
445.6449882168778
309.6513642932806
31.346547564814074
35.6173100479361
36.861910831017624
24.824786234895388
154.18973479459683
416.6457296733724
449.2910787381066
454.5721937136352
463.07450746734935
425.27112421101583
439.9609539756026
396.8940644208479
455.81079302695065
441.79979117820665
280.2505373465352
94.14066225290298
458.2533460266392
440.9565480107897
431.3737152422832
110.05439264541286
442.33317781137094
373.42980033202304
442.4935947338409
453.2979574731323
433.16371391104326
278.37664575773806
406.2936759304007
452.6096572988894
-10.751863025744754
434.03144329896156
456.78773767573966
365.78300558041866
382.0079918070042
448.31206799018713
232.4822225642535
39.29026717807848
119.01172277809843
434.18088734255895
462.8345212488373
460.4704835537407
455.3097031629251
437.3246622593866
441.1855441608636
2.586617094911748
295.86176751842277
13.40086289130987
425.8226851644615
5.472136532304399
301.61897499225205
64.6277497017218
97.98316954660744
406.46818399565086
434.7956488418496
210.37986834686666
438.8924086828199
465.5420752420028
463.7588629531529
400.9447340181387
-10.175433381772704
-4.397706732064492
390.4983610330687
415.00458779666155
161.51825420230625
434.6537906844252
455.7147666806976
471.0440410440167
457.2343229181899
453.6164857280917
437.78643483418557
452.8510314914253
433.35759224900437
436.344943471522
401.54669764871403
448.7637732719382
461.74128705283005
425.6557482389775
445.2035850129856
450.4096272289256
421.4573886592852
445.56586892162767
444.55777789860963
453.3544957412945
452.0969220420718
49.84275550479691
113.7584614219765
325.1581755823228
209.2314009819097
63.860013864636414
468.4105235207743
447.23316620333327
-9.879023211588459
430.82782547813326
432.6786202804082
439.45166552657884
-4.034318316351202
-15.952113758176566
-13.971538426395918
-12.700138672050503
-11.523564052487414
449.91891759417126
446.3082691655225
445.41195911111106
180.6351560474601
98.43456480665341
169.38181141747367
214.213887325012
396.6051664670225
397.7452586936619
232.2035687870946
451.87585458176005
455.44685345398057
207.7101050884194
84.36991748230324
446.8581266603536
420.0067701982458
437.57986372457117
419.2217397412989
449.56667621117504
445.4832474485702
272.06089955704897
230.03136424736846
411.73612081224724
431.2470833169586
443.4197855645915
432.5968086677293
441.0486094951216
427.67692403809895
90.17857503500247